0.000000 1.000000 1.000000 1.000000
0.025000 1.000000 1.000000 0.992857
0.050000 1.000000 0.990050 0.989474
0.075000 0.987179 0.988764 0.985714
0.100000 0.986911 0.986420 0.982095
0.125000 0.986911 0.984016 0.978200
0.150000 0.984816 0.980263 0.974269
0.175000 0.984762 0.977449 0.969880
0.200000 0.979764 0.973023 0.962314
0.225000 0.976155 0.972101 0.956977
0.250000 0.973440 0.968028 0.951406
0.275000 0.971292 0.959717 0.946955
0.300000 0.968923 0.955520 0.944875
0.325000 0.964395 0.949944 0.942623
0.350000 0.962229 0.946288 0.940288
0.375000 0.959649 0.943167 0.940288
0.400000 0.957955 0.941159 0.937166
0.425000 0.951538 0.939182 0.936106
0.450000 0.948625 0.936575 0.935863
0.475000 0.936949 0.935936 0.935345
0.500000 0.932008 0.934267 0.933731
0.525000 0.928311 0.932551 0.933052
0.550000 0.922722 0.931212 0.932261
0.575000 0.919186 0.930964 0.931147
0.600000 0.914136 0.930301 0.930279
0.625000 0.913984 0.928881 0.929085
0.650000 0.909572 0.928701 0.927725
0.675000 0.906236 0.926940 0.925560
0.700000 0.901683 0.925013 0.921451
0.725000 0.898977 0.924534 0.916599
0.750000 0.896424 0.923678 0.910501
0.775000 0.895784 0.922310 0.901507
0.800000 0.890463 0.921176 0.884049
0.825000 0.886137 0.919592 0.827264
0.850000 0.883089 0.916598 0.793217
0.875000 0.880235 0.912220 0.000000
0.900000 0.875167 0.906858 0.000000
0.925000 0.866817 0.899691 0.000000
0.950000 0.857187 0.888256 0.000000
0.975000 0.841152 0.855662 0.000000
1.000000 0.700290 0.767979 0.000000
