0.000000 0.999991 0.999991 0.999991
0.025000 0.894543 0.898010 0.891025
0.050000 0.894543 0.891305 0.891025
0.075000 0.893932 0.890732 0.887610
0.100000 0.893932 0.887429 0.885618
0.125000 0.893932 0.887429 0.881875
0.150000 0.892486 0.883790 0.880150
0.175000 0.890448 0.880661 0.879531
0.200000 0.887015 0.879379 0.874112
0.225000 0.883457 0.879379 0.872042
0.250000 0.881076 0.876705 0.872042
0.275000 0.878744 0.871320 0.872042
0.300000 0.877049 0.868350 0.872042
0.325000 0.874731 0.868350 0.872042
0.350000 0.873278 0.868350 0.872042
0.375000 0.872434 0.868350 0.872042
0.400000 0.872104 0.868350 0.872042
0.425000 0.867536 0.868350 0.872042
0.450000 0.866877 0.868350 0.872042
0.475000 0.857079 0.868350 0.872042
0.500000 0.854260 0.868350 0.872042
0.525000 0.852653 0.868350 0.872042
0.550000 0.848779 0.868350 0.872042
0.575000 0.846807 0.868350 0.871946
0.600000 0.844751 0.868350 0.871205
0.625000 0.844751 0.868350 0.870844
0.650000 0.842251 0.868350 0.869829
0.675000 0.839695 0.867029 0.868508
0.700000 0.836845 0.866663 0.865001
0.725000 0.835917 0.866663 0.860509
0.750000 0.835190 0.866459 0.854712
0.775000 0.835190 0.865991 0.846102
0.800000 0.831110 0.865799 0.829241
0.825000 0.828105 0.864997 0.774282
0.850000 0.826409 0.862651 0.741520
0.875000 0.824097 0.858758 0.000000
0.900000 0.820136 0.854118 0.000000
0.925000 0.812988 0.847452 0.000000
0.950000 0.804022 0.836954 0.000000
0.975000 0.789034 0.806476 0.000000
1.000000 0.656191 0.723648 0.000000
