0.000000 1.000000 1.000000 1.000000
0.025000 1.000000 1.000000 1.000000
0.050000 1.000000 1.000000 1.000000
0.075000 1.000000 1.000000 1.000000
0.100000 1.000000 1.000000 1.000000
0.125000 1.000000 0.991870 0.992647
0.150000 1.000000 0.991870 0.992647
0.175000 1.000000 0.991870 0.992647
0.200000 0.987179 0.991870 0.992647
0.225000 0.987179 0.991870 0.992647
0.250000 0.987179 0.986842 0.986842
0.275000 0.987179 0.986842 0.976331
0.300000 0.978495 0.976048 0.975610
0.325000 0.978495 0.974684 0.975610
0.350000 0.970297 0.974684 0.975610
0.375000 0.965517 0.974684 0.975610
0.400000 0.965517 0.974684 0.975610
0.425000 0.964286 0.974684 0.972973
0.450000 0.964286 0.972527 0.972973
0.475000 0.964286 0.972527 0.972973
0.500000 0.964286 0.972527 0.972973
0.525000 0.964286 0.972527 0.972973
0.550000 0.964286 0.972527 0.972973
0.575000 0.964286 0.972527 0.972973
0.600000 0.957746 0.972527 0.972973
0.625000 0.957746 0.972527 0.971503
0.650000 0.957746 0.972527 0.967742
0.675000 0.957746 0.970899 0.964286
0.700000 0.957746 0.967005 0.963303
0.725000 0.957746 0.964539 0.951860
0.750000 0.956140 0.964539 0.949367
0.775000 0.956140 0.952596 0.926295
0.800000 0.953390 0.951860 0.912548
0.825000 0.946939 0.941300 0.902033
0.850000 0.944664 0.922156 0.000000
0.875000 0.938931 0.904943 0.000000
0.900000 0.926740 0.900749 0.000000
0.925000 0.905923 0.000000 0.000000
0.950000 0.878289 0.000000 0.000000
0.975000 0.000000 0.000000 0.000000
1.000000 0.000000 0.000000 0.000000
