0.000000 0.984214 0.971414 0.971208
0.025000 0.984214 0.971414 0.958646
0.050000 0.984214 0.954943 0.954049
0.075000 0.964670 0.953915 0.954049
0.100000 0.964670 0.953915 0.954049
0.125000 0.964670 0.953915 0.954049
0.150000 0.964670 0.953915 0.954049
0.175000 0.964670 0.953915 0.954049
0.200000 0.948983 0.953915 0.954049
0.225000 0.948983 0.953915 0.954049
0.250000 0.948983 0.949894 0.948246
0.275000 0.948931 0.949894 0.939945
0.300000 0.939671 0.941011 0.939945
0.325000 0.939671 0.940269 0.939945
0.350000 0.930894 0.940269 0.939945
0.375000 0.929660 0.940269 0.939945
0.400000 0.929660 0.940269 0.939945
0.425000 0.929660 0.940269 0.934762
0.450000 0.929660 0.935164 0.928285
0.475000 0.929660 0.934251 0.925084
0.500000 0.929660 0.930141 0.923596
0.525000 0.929660 0.925971 0.923596
0.550000 0.929660 0.924255 0.919405
0.575000 0.929660 0.923661 0.919405
0.600000 0.921140 0.919949 0.918999
0.625000 0.920536 0.919949 0.916605
0.650000 0.916984 0.919295 0.913511
0.675000 0.916984 0.916434 0.911908
0.700000 0.915436 0.913210 0.907540
0.725000 0.915436 0.912697 0.893324
0.750000 0.914345 0.912697 0.890743
0.775000 0.914345 0.895327 0.869660
0.800000 0.911917 0.893865 0.855282
0.825000 0.906497 0.883889 0.843764
0.850000 0.905026 0.866092 0.000000
0.875000 0.900414 0.848179 0.000000
0.900000 0.889165 0.842833 0.000000
0.925000 0.869852 0.000000 0.000000
0.950000 0.844012 0.000000 0.000000
0.975000 0.000000 0.000000 0.000000
1.000000 0.000000 0.000000 0.000000
