0.000000 1.000000 1.000000 1.000000
0.025000 0.933333 0.955556 0.947368
0.050000 0.911290 0.935484 0.932203
0.075000 0.911290 0.929078 0.926966
0.100000 0.911290 0.920635 0.923924
0.125000 0.904459 0.920094 0.923924
0.150000 0.899471 0.920094 0.923924
0.175000 0.899471 0.920094 0.923924
0.200000 0.899471 0.920094 0.923924
0.225000 0.899471 0.920094 0.923924
0.250000 0.899471 0.920094 0.923924
0.275000 0.899471 0.920094 0.923924
0.300000 0.899471 0.920094 0.923924
0.325000 0.899471 0.920094 0.923924
0.350000 0.899471 0.920094 0.923924
0.375000 0.899471 0.920094 0.923924
0.400000 0.899471 0.920094 0.923924
0.425000 0.899471 0.920094 0.923924
0.450000 0.899471 0.920094 0.921698
0.475000 0.899471 0.919662 0.917230
0.500000 0.899471 0.919662 0.917230
0.525000 0.899471 0.918511 0.914928
0.550000 0.899471 0.914833 0.912911
0.575000 0.899471 0.914110 0.909025
0.600000 0.899471 0.914110 0.899241
0.625000 0.897468 0.912678 0.891661
0.650000 0.892252 0.910556 0.872143
0.675000 0.891134 0.909373 0.843013
0.700000 0.891134 0.904160 0.794148
0.725000 0.890574 0.892427 0.000000
0.750000 0.888309 0.885870 0.000000
0.775000 0.886089 0.866881 0.000000
0.800000 0.884878 0.840483 0.000000
0.825000 0.879699 0.798109 0.000000
0.850000 0.860714 0.785052 0.000000
0.875000 0.833613 0.000000 0.000000
0.900000 0.772899 0.000000 0.000000
0.925000 0.748364 0.000000 0.000000
0.950000 0.000000 0.000000 0.000000
0.975000 0.000000 0.000000 0.000000
1.000000 0.000000 0.000000 0.000000
