0.000000 0.826626 0.999860 0.999860
0.025000 0.757499 0.786100 0.779813
0.050000 0.748052 0.767147 0.761729
0.075000 0.748052 0.762742 0.761729
0.100000 0.748052 0.756365 0.758137
0.125000 0.743929 0.756365 0.758137
0.150000 0.743412 0.756365 0.758137
0.175000 0.743412 0.756365 0.758137
0.200000 0.743412 0.756365 0.758137
0.225000 0.743412 0.756365 0.757115
0.250000 0.743412 0.756365 0.752398
0.275000 0.743412 0.750005 0.750246
0.300000 0.743412 0.750005 0.749770
0.325000 0.743412 0.750005 0.742087
0.350000 0.734354 0.750005 0.742087
0.375000 0.731552 0.745052 0.742087
0.400000 0.731552 0.739262 0.737523
0.425000 0.731552 0.739262 0.737523
0.450000 0.729073 0.739262 0.735892
0.475000 0.724763 0.733570 0.731578
0.500000 0.724763 0.733313 0.731578
0.525000 0.721489 0.732838 0.730294
0.550000 0.719769 0.729727 0.729396
0.575000 0.719769 0.729138 0.724745
0.600000 0.719769 0.728704 0.715288
0.625000 0.718479 0.728170 0.707249
0.650000 0.717141 0.726843 0.688627
0.675000 0.717141 0.724987 0.662291
0.700000 0.717141 0.718450 0.621343
0.725000 0.716221 0.708081 0.000000
0.750000 0.713830 0.701704 0.000000
0.775000 0.712577 0.684257 0.000000
0.800000 0.711694 0.660380 0.000000
0.825000 0.706248 0.624959 0.000000
0.850000 0.692885 0.614492 0.000000
0.875000 0.668445 0.000000 0.000000
0.900000 0.617384 0.000000 0.000000
0.925000 0.596684 0.000000 0.000000
0.950000 0.000000 0.000000 0.000000
0.975000 0.000000 0.000000 0.000000
1.000000 0.000000 0.000000 0.000000
