Pedestrian -1 -1 -2.336587 953.109497 156.292114 1023.140137 288.060120 1.595211 0.611022 0.549969 5.208239 1.307371 9.777200 -1.847129 0.999385
Pedestrian -1 -1 1.799504 513.217651 163.937027 548.628967 231.907211 1.680831 0.729800 0.760061 -1.837898 1.108698 18.643839 1.701242 0.995237
Pedestrian -1 -1 -1.748970 572.298828 160.864273 613.951111 235.355804 1.779118 0.859960 1.016492 -0.296099 1.149424 18.760832 -1.764752 0.992820
Pedestrian -1 -1 1.983773 548.774963 160.332916 577.586121 221.491791 1.765002 0.733220 0.840748 -1.207386 1.147826 23.187789 1.931750 0.990562
Pedestrian -1 -1 0.793653 122.927979 188.985672 301.840790 446.357513 1.491071 0.702951 0.865551 -3.140580 1.831352 5.775076 0.295570 0.988922
Pedestrian -1 -1 0.839968 210.640991 173.111618 299.899597 356.333191 1.621686 0.587201 0.563399 -4.009878 1.559370 8.171439 0.383773 0.986050
Cyclist -1 -1 2.094820 688.901428 153.561325 744.614685 247.912521 1.843629 0.578484 1.668693 2.821004 1.351163 17.790824 2.252075 0.971619
Pedestrian -1 -1 2.744880 613.605835 163.617966 638.549377 210.210754 1.786739 0.752573 0.779007 0.968428 1.151005 29.348107 2.777866 0.969985
Cyclist -1 -1 1.339360 412.262390 170.048950 493.464966 287.792053 1.679102 0.746480 1.648694 -2.675014 1.509325 11.914369 1.118502 0.909084
Pedestrian -1 -1 -1.370190 598.302002 163.718964 626.802124 216.871994 1.786548 0.804332 0.884439 0.398002 1.147346 25.248284 -1.354428 0.897192
