Car -1 -1 -1.980303 334.679108 177.955750 487.681885 278.112091 1.490610 1.605343 3.906656 -3.739630 1.476110 13.524341 -2.250073 0.999936
Pedestrian -1 -1 -0.260300 206.419708 173.373489 247.918594 239.429138 1.730113 0.500426 0.862546 -10.294334 1.424941 19.163814 -0.753244 0.997330
Cyclist -1 -1 -0.295984 1085.616333 129.099991 1196.743408 214.323196 1.762906 0.574182 1.772940 11.475481 0.713817 15.234646 0.349594 0.994658
Pedestrian -1 -1 -2.041235 234.872894 174.502762 276.691101 236.282455 1.690292 0.513232 0.921305 -9.780734 1.398196 19.544311 -2.505233 0.993787
Pedestrian -1 -1 0.117025 558.259033 158.378067 600.633057 226.818695 1.820433 0.662324 0.969236 -0.662608 1.117489 19.109807 0.082366 0.993492
Pedestrian -1 -1 -0.268491 182.388168 177.272644 223.114029 238.807312 1.648630 0.485273 0.878047 -11.154587 1.423934 19.543618 -0.787128 0.991015
Cyclist -1 -1 -0.863399 285.873322 164.399994 363.633057 240.691132 1.750552 0.567096 1.687110 -6.243582 1.259406 15.880437 -1.237997 0.983041
Cyclist -1 -1 0.044967 992.304382 137.968033 1071.686279 204.553116 1.837793 0.609161 1.789543 11.721466 0.500278 19.362447 0.589327 0.969944
Cyclist -1 -1 -1.026244 789.827454 153.904175 830.308899 196.512634 1.761125 0.634009 1.814149 8.691998 0.660783 29.703065 -0.741563 0.952305
Cyclist -1 -1 -1.921590 855.998413 149.314667 890.832703 197.963943 1.748832 0.623338 1.924088 10.400053 0.401503 27.465379 -1.559614 0.932703
Car -1 -1 1.403912 470.365234 168.982544 500.090118 191.080032 1.531528 1.642711 4.123436 -8.646003 0.659935 50.101945 1.233026 0.895842
