Car -1 -1 1.680711 550.769165 179.825089 597.868713 218.014847 1.520048 1.669004 4.047139 -1.069350 1.544897 31.193581 1.646443 0.998982
Pedestrian -1 -1 -0.039088 900.653076 167.200806 976.100708 292.852844 1.705670 0.670350 0.878723 4.694557 1.419040 10.268550 0.389720 0.997529
Pedestrian -1 -1 1.040940 854.422913 163.616486 919.453369 287.120544 1.729009 0.658988 0.773538 4.616751 1.377386 11.836570 1.412832 0.996402
Pedestrian -1 -1 -2.877935 778.304382 168.374313 824.970032 253.603485 1.797234 0.712893 0.867070 4.449098 1.351512 16.105555 -2.608411 0.996016
Pedestrian -1 -1 -2.276127 356.844208 170.992950 428.766998 290.565247 1.771665 0.845056 0.742087 -3.563386 1.714110 12.095924 -2.562617 0.995852
Pedestrian -1 -1 -3.094127 736.306763 173.155136 800.285095 312.811340 1.702358 0.775600 1.017104 2.247954 1.545018 9.980586 -2.872592 0.995661
Pedestrian -1 -1 -1.286386 639.897461 172.290146 677.597290 246.632324 1.865715 0.830623 0.888425 1.539367 1.697458 19.269110 -1.206667 0.993937
Pedestrian -1 -1 -1.731344 706.788757 177.409134 757.035156 287.793121 1.687673 0.707903 0.919914 2.190742 1.572740 12.388527 -1.556317 0.992950
Pedestrian -1 -1 0.038473 286.335999 170.389862 341.036316 283.926208 1.751261 0.659333 0.711990 -4.730779 1.416348 11.916820 -0.339430 0.991256
Pedestrian -1 -1 -1.705446 684.539917 179.110916 732.086609 275.920013 1.675454 0.739196 0.893373 1.889647 1.709012 13.079602 -1.561966 0.989227
Pedestrian -1 -1 0.130191 667.427917 175.421021 695.362610 239.300781 1.771861 0.747043 0.866902 2.600249 1.616622 23.281508 0.241418 0.931363
