Pedestrian -1 -1 -1.084610 759.434631 164.509384 855.609680 364.869354 1.740601 0.779882 0.653177 2.413605 1.701927 8.418020 -0.805382 0.999032
Pedestrian -1 -1 -2.985987 849.564453 152.813324 972.576233 363.934967 1.826600 0.958752 0.912980 3.086152 1.581270 7.139103 -2.577960 0.998900
Pedestrian -1 -1 -1.256463 537.214111 165.038498 592.012390 259.414093 1.779739 0.689291 0.950953 -0.669033 1.381555 13.046261 -1.307700 0.997388
Pedestrian -1 -1 -1.496925 190.945999 167.156693 302.384125 350.191620 1.796500 0.949421 0.941083 -3.617478 1.580844 7.313852 -1.956249 0.996383
Pedestrian -1 -1 2.163627 1116.510620 146.210999 1206.197510 270.052826 1.781705 0.710913 0.897988 9.159747 1.317050 11.764464 2.825179 0.995624
Pedestrian -1 -1 0.244815 993.701538 152.487976 1058.011230 269.619751 1.711745 0.585608 0.846639 7.073808 1.424217 12.083080 0.774453 0.994180
Pedestrian -1 -1 -2.057341 715.579712 161.567413 755.502563 237.397049 1.767158 0.747944 0.902277 3.351776 1.339051 18.534665 -1.878437 0.992589
Pedestrian -1 -1 2.380278 945.469543 156.249557 991.970398 251.229568 1.735324 0.620491 0.599553 7.551217 1.240291 14.922384 2.848740 0.991086
Pedestrian -1 -1 -0.243472 504.677002 168.859039 535.402893 230.279449 1.766555 0.642167 0.864064 -2.639426 1.282639 23.098988 -0.357244 0.956569
Pedestrian -1 -1 -1.878681 134.655365 169.201675 211.674911 311.309967 1.757601 0.684033 0.754279 -6.073372 1.494551 10.066419 -2.421546 0.892647
