Car -1 -1 -1.948593 355.369080 184.611557 484.836823 271.236084 1.443487 1.598639 3.739775 -4.300740 1.577305 16.138827 -2.209025 0.999953
Car -1 -1 -1.172491 153.295166 176.210419 320.831726 265.991150 1.702046 1.665110 4.088302 -8.226211 1.456740 16.088833 -1.645137 0.999925
Car -1 -1 -1.480925 487.547302 183.633911 543.030273 224.416870 1.354624 1.670860 3.728047 -3.928899 1.399413 29.649367 -1.612670 0.999376
Car -1 -1 -1.841875 444.107697 180.582886 494.077728 212.935638 1.473693 1.640788 3.797525 -7.409974 1.172575 37.622872 -2.036340 0.999248
Car -1 -1 -2.124933 311.260132 183.819275 407.874420 233.829727 1.434380 1.558575 3.465429 -8.338810 1.356063 24.080025 -2.458304 0.999176
Car -1 -1 -1.446992 578.804932 177.298737 621.713745 216.002518 1.600510 1.767146 3.850681 -0.291817 1.215781 36.127770 -1.455069 0.998873
Car -1 -1 -1.114799 26.127121 187.056473 185.023666 253.836075 1.428214 1.588702 3.971451 -13.940803 1.499915 19.830325 -1.727538 0.998441
Car -1 -1 -2.202400 265.836060 183.353836 357.336792 226.662949 1.454573 1.572332 3.878883 -11.982881 1.472073 29.117184 -2.592815 0.983291
Car -1 -1 -0.845319 -270.170197 193.691055 129.422592 342.905975 1.411643 1.591092 3.932863 -8.208431 1.662293 9.412229 -1.562506 0.961035
Car -1 -1 -2.056905 252.779953 182.316742 318.098724 214.493362 1.463932 1.492209 4.093506 -16.613101 1.224242 37.142762 -2.477492 0.816242
