Pedestrian -1 -1 0.670343 891.440857 137.136765 1002.268372 331.881287 1.793793 0.642858 0.788110 3.991309 1.437615 8.435666 1.112279 0.999587
Pedestrian -1 -1 0.579880 741.115967 155.965942 833.930542 340.841522 1.649417 0.542935 0.777534 2.153575 1.505936 8.332673 0.832796 0.999434
Pedestrian -1 -1 2.456055 614.105652 149.988663 717.748535 345.840759 1.703176 0.581412 0.766073 0.549451 1.475619 6.985553 2.534549 0.999186
Pedestrian -1 -1 2.352456 234.728027 130.808167 297.902832 267.301331 1.954089 0.698555 0.662995 -5.730459 1.234380 12.025777 1.907773 0.996544
Pedestrian -1 -1 0.451600 781.788513 150.450287 932.376953 502.420441 1.711928 0.544148 0.776058 1.747641 1.607463 4.974918 0.789424 0.993913
Pedestrian -1 -1 0.665750 810.161743 143.492310 909.003906 330.799988 1.749555 0.621173 0.797006 2.884524 1.365276 8.099245 1.007890 0.973876
Pedestrian -1 -1 0.502272 530.179871 143.771637 563.955688 204.563934 1.753845 0.559680 0.868409 -1.848970 0.663743 22.441236 0.420066 0.971054
Pedestrian -1 -1 2.841482 512.298462 140.943375 546.943176 203.204010 1.767752 0.616204 0.899124 -2.483412 0.637941 22.374980 2.730944 0.965118
Pedestrian -1 -1 -2.460993 1112.296021 161.773346 1252.574829 405.720490 1.675296 0.507622 0.562512 4.445210 1.620324 5.546655 -1.785386 0.826096
Pedestrian -1 -1 -0.507514 1063.412842 144.940918 1304.234253 515.030518 1.661908 0.544502 0.717789 3.248134 1.562689 4.109776 0.161311 0.762984
