Car -1 -1 -1.722999 755.113342 193.654068 980.471680 345.097229 1.377249 1.551832 3.303829 2.793810 1.712552 8.219298 -1.395342 0.999952
Car -1 -1 -0.750119 845.102112 176.711639 1069.588867 265.734467 1.630879 1.590173 3.808874 6.491369 1.714337 13.673383 -0.306879 0.999691
Car -1 -1 0.627592 714.923706 182.672363 822.381226 227.560074 1.486262 1.501991 3.492789 5.506748 1.797874 25.478013 0.840455 0.999439
Car -1 -1 -1.695119 635.331482 179.146576 670.263000 206.492188 1.430675 1.595478 4.125099 2.469327 1.861966 43.253522 -1.638092 0.999106
Car -1 -1 0.646458 104.148827 184.494278 372.855164 291.593323 1.507801 1.534211 3.410073 -5.784483 1.672189 11.214099 0.170233 0.998294
Car -1 -1 2.399053 331.368073 177.654907 463.983002 229.601837 1.551897 1.695300 4.080985 -6.971273 1.746974 24.160687 2.118145 0.997500
Car -1 -1 3.042052 267.402893 182.425034 430.466919 248.726669 1.428506 1.636405 3.975328 -7.040925 1.773186 19.275193 2.691826 0.995591
Car -1 -1 -2.734270 432.855927 179.046585 530.433350 209.911606 1.494350 1.650128 3.975173 -6.646309 1.768187 37.943505 -2.907675 0.988343
Car -1 -1 0.695790 -415.505463 182.170837 259.711761 386.607880 1.544710 1.640929 3.745113 -4.876615 1.560434 5.565071 -0.023770 0.987985
Car -1 -1 -1.793176 772.995300 181.245880 863.926147 231.811996 1.442181 1.615735 3.915253 6.964503 1.722001 23.875214 -1.509347 0.962968
Cyclist -1 -1 1.335602 549.714661 176.857666 568.624756 210.504196 1.677385 0.581759 1.639283 -2.450187 1.723778 33.522599 1.262641 0.867645
