Car -1 -1 0.989111 131.561874 193.340424 381.480133 329.883942 1.458604 1.620500 3.862501 -5.504834 1.970333 11.103604 0.528854 0.999955
Car -1 -1 -1.932920 784.588989 181.956406 980.403809 306.460358 1.502035 1.567588 3.507064 4.063096 1.662535 11.315648 -1.588189 0.999946
Car -1 -1 1.853374 323.429535 187.042725 458.529907 266.313416 1.428306 1.616393 4.076680 -4.918290 1.834889 16.247342 1.559429 0.999889
Car -1 -1 -1.143239 725.305115 179.785599 844.490234 256.872711 1.491715 1.582894 3.974957 4.780007 1.808060 19.446480 -0.902214 0.999830
Car -1 -1 1.141614 405.667847 183.739304 497.201263 239.680115 1.405536 1.613164 3.928269 -5.222228 1.971623 23.688733 0.924632 0.999728
Car -1 -1 1.824700 509.733124 178.693344 553.140137 209.761642 1.445380 1.563732 3.769317 -4.446704 1.834414 41.040272 1.716771 0.998994
Car -1 -1 -1.481072 707.645691 178.542435 773.418213 230.115143 1.507073 1.650988 3.946946 4.834109 1.905776 28.219792 -1.311417 0.997098
Car -1 -1 3.086245 967.568542 172.487381 1067.250732 212.406967 1.541307 1.598317 3.602635 17.098982 1.524374 30.551219 -2.686693 0.992029
Car -1 -1 -2.302706 912.335815 195.413330 1563.953125 518.698853 1.450938 1.603974 3.634477 4.079121 1.908201 5.771387 -1.687442 0.985576
Car -1 -1 -1.789286 690.196960 179.492432 733.110474 215.129623 1.511427 1.626025 3.786070 5.464564 1.914219 39.831391 -1.652945 0.975020
Car -1 -1 -0.975078 930.842651 177.356293 984.866272 205.235077 1.497324 1.500626 3.313531 20.598778 1.828600 43.003880 -0.528372 0.871131
