Car -1 -1 -0.915618 798.209656 188.630615 1017.287659 280.291809 1.449729 1.588452 3.839268 5.733639 1.850813 13.615206 -0.517038 0.999823
Car -1 -1 -1.642472 631.959473 179.860611 685.570496 221.394608 1.411066 1.624794 4.264883 2.003910 1.834645 29.453461 -1.574540 0.999366
Car -1 -1 -2.403352 -225.045135 178.023178 232.381210 335.563538 1.655454 1.643020 3.891275 -6.472103 1.667095 7.962860 -3.085841 0.999255
Car -1 -1 2.314900 877.812988 187.312637 1188.728760 305.247986 1.539758 1.582950 3.660431 6.580012 1.826296 10.964067 2.855425 0.998701
Car -1 -1 -0.250126 1011.661865 193.598633 1463.511841 354.697784 1.511288 1.539254 3.293150 6.186076 1.720627 7.716619 0.425624 0.998669
Car -1 -1 3.045658 289.887360 180.823486 455.579285 234.257706 1.466660 1.666457 4.299840 -6.931600 1.571653 20.799855 2.723980 0.996483
Cyclist -1 -1 1.779612 465.253693 178.801620 499.261871 246.868179 1.611106 0.544451 1.946359 -3.286928 1.648786 18.623988 1.604922 0.995014
Car -1 -1 0.731201 45.487225 162.525391 325.538269 284.498077 1.720112 1.603780 3.680570 -6.645022 1.580221 11.341462 0.201210 0.994051
Car -1 -1 -1.741677 616.567932 176.668289 649.177612 204.195831 1.491900 1.622173 3.908058 1.194217 1.832406 44.622529 -1.714920 0.980820
Car -1 -1 0.980334 774.669067 173.709564 903.497559 243.786026 1.733364 1.680603 3.915145 6.377755 1.704619 20.458907 1.282522 0.944658
