Pedestrian -1 -1 2.417656 821.757690 141.984711 925.137756 336.823181 1.704516 0.593692 0.743701 3.103793 1.395900 8.304048 2.775347 0.999613
Pedestrian -1 -1 -2.891240 764.428284 145.927597 819.493958 258.167450 1.693752 0.488852 0.792243 3.143893 1.242189 12.008840 -2.635189 0.997560
Pedestrian -1 -1 -1.816612 272.180084 133.691162 330.031738 256.157837 1.921294 0.694348 0.690685 -5.468720 1.197690 12.487519 -2.229388 0.995130
Pedestrian -1 -1 -2.728128 645.639526 144.749115 675.525757 203.624786 1.780496 0.577366 0.670507 1.805923 0.691805 22.630673 -2.648497 0.979253
Pedestrian -1 -1 -1.227129 410.368042 140.650146 449.943604 215.559570 1.780059 0.659100 0.923944 -4.542284 0.745486 18.419253 -1.468910 0.961329
Pedestrian -1 -1 0.889074 740.441162 146.025146 795.565735 252.138504 1.650049 0.496861 0.796378 3.137433 1.143994 14.257828 1.105671 0.931385
Pedestrian -1 -1 -1.421203 495.201294 150.022827 523.508667 208.977066 1.665723 0.621631 0.831559 -2.929044 0.700801 21.982379 -1.553667 0.922415
Pedestrian -1 -1 -0.735073 616.927368 143.732819 641.315308 197.020966 1.837851 0.538935 0.582374 0.791777 0.447974 23.881345 -0.701931 0.877317
Pedestrian -1 -1 1.191701 475.294006 147.780426 502.971680 209.600540 1.679148 0.574155 0.951886 -3.578627 0.690016 21.752351 1.028645 0.869807
Pedestrian -1 -1 1.936698 428.353027 140.895294 463.167389 209.668228 1.783211 0.622529 0.968790 -4.396490 0.703507 19.387263 1.713697 0.867912
Pedestrian -1 -1 3.041986 390.183167 141.051361 433.311584 207.702240 1.808107 0.653167 1.075742 -5.525396 0.692986 19.994370 2.772367 0.821096
Pedestrian -1 -1 -0.129193 244.635712 135.861008 302.961670 252.974182 1.860610 0.733227 0.802207 -5.923960 1.169998 12.489478 -0.572083 0.791824
Pedestrian -1 -1 -2.382392 629.958435 143.041611 656.918945 198.902023 1.841018 0.527487 0.556883 1.195450 0.457380 23.357619 -2.331256 0.763236
