Car -1 -1 1.908813 242.445236 196.004654 399.089508 280.831726 1.386941 1.664456 4.228066 -6.452916 2.068373 16.125956 1.528171 0.999956
Car -1 -1 -2.117167 -18.851805 206.238937 287.044617 359.215027 1.423751 1.561763 3.444693 -6.202648 2.007792 9.210780 -2.709825 0.999939
Car -1 -1 -1.797213 698.079895 176.390961 805.348083 246.952194 1.476684 1.599715 3.957776 3.882249 1.760696 19.612862 -1.601795 0.999886
Car -1 -1 1.904902 379.322327 190.462631 469.517792 243.916916 1.428158 1.653192 4.178353 -6.114996 2.081617 24.160981 1.657014 0.999853
Car -1 -1 1.325323 439.286469 186.984039 497.591248 228.947021 1.449536 1.554230 3.865808 -6.010398 2.026920 29.869845 1.126755 0.997920
Car -1 -1 2.451859 1046.688232 137.030670 1357.602417 244.687195 1.660163 1.627295 3.912468 8.861439 1.018759 11.270910 3.118142 0.997040
Car -1 -1 -1.723138 663.832275 180.486893 707.682739 217.297272 1.463933 1.562873 3.732336 3.695910 1.780213 35.741719 -1.620098 0.996118
Car -1 -1 -1.035031 916.325745 153.620377 1090.758057 219.188736 1.705760 1.636437 4.082674 9.377489 1.180284 17.054173 -0.532292 0.995771
Car -1 -1 1.322723 481.215607 184.585129 525.956482 216.322281 1.494007 1.566442 3.883497 -5.866099 2.274755 38.814027 1.172725 0.991610
Car -1 -1 2.237053 851.205139 157.504471 1005.686035 215.143921 1.663991 1.710529 4.469212 9.247322 1.066397 20.957589 2.652598 0.972932
Car -1 -1 -1.976541 680.681274 176.175781 753.511536 230.636246 1.519073 1.639587 3.813214 3.861141 1.861756 27.807872 -1.838572 0.970944
Car -1 -1 1.793370 514.438110 179.034271 549.354919 204.225647 1.611445 1.605494 3.877736 -5.399583 2.120665 50.242539 1.686310 0.943937
Car -1 -1 -2.310948 988.982361 140.166550 1201.537720 220.598816 1.675479 1.708709 4.113871 10.765307 0.911226 16.455226 -1.731613 0.943672
