Pedestrian -1 -1 -2.312574 1094.389648 86.438354 1294.710938 390.044128 2.007158 0.838351 0.799037 4.324379 1.481661 5.354647 -1.633220 0.999384
Pedestrian -1 -1 1.330979 426.474609 164.681839 484.826965 299.875641 1.662365 0.594883 0.714624 -2.107653 1.492783 9.919767 1.121622 0.997563
Car -1 -1 1.612781 560.698975 168.563782 592.666565 195.072845 1.546958 1.699216 4.137469 -1.342160 0.716362 41.189347 1.580207 0.996316
Pedestrian -1 -1 1.803173 468.816650 154.846695 525.138550 291.964722 1.783852 0.630113 0.814071 -1.500877 1.415632 10.010256 1.654348 0.994649
Pedestrian -1 -1 0.279396 690.046631 162.212830 717.541199 226.775726 1.650986 0.619202 0.719082 3.144184 1.127207 21.935193 0.421766 0.993099
Pedestrian -1 -1 -1.325607 659.192688 161.245605 689.592773 233.005951 1.701303 0.647013 0.890946 1.814090 1.105721 18.475348 -1.227731 0.989121
Pedestrian -1 -1 -1.334527 607.945862 157.817154 644.114502 234.994949 1.786063 0.755009 1.003012 0.587226 1.128042 18.444230 -1.302700 0.984892
Pedestrian -1 -1 -1.860819 715.499939 156.514267 751.367981 234.388626 1.770420 0.690404 0.829405 3.320633 1.112882 18.447287 -1.682720 0.969696
Pedestrian -1 -1 -0.512322 703.901611 160.655029 734.190430 225.009064 1.690781 0.661378 0.712178 3.658390 1.115247 22.620095 -0.351979 0.921582
Pedestrian -1 -1 -1.440988 634.123901 158.935226 657.861389 210.295563 1.850752 0.779276 0.832232 1.805520 0.873832 28.734313 -1.378236 0.864754
