Car -1 -1 1.939816 307.098022 187.833832 432.527893 263.168732 1.544142 1.639902 4.058942 -6.568076 2.144622 19.639977 1.617085 0.999915
Car -1 -1 1.317271 390.667938 186.676727 470.649628 239.472672 1.424774 1.618263 3.936567 -6.090406 2.023484 24.143412 1.070167 0.999780
Car -1 -1 1.813280 498.083527 180.764603 540.607666 208.684113 1.425857 1.615310 4.046314 -5.315442 1.903534 42.717637 1.689485 0.998655
Car -1 -1 1.369522 436.719513 182.965607 494.119141 225.728882 1.492928 1.554149 3.655969 -5.987345 1.954894 29.595820 1.169912 0.997992
Car -1 -1 1.301964 467.321777 182.351181 515.168030 218.042496 1.493640 1.537384 3.693298 -6.165956 2.178330 36.727216 1.135630 0.996433
Car -1 -1 2.289168 782.499146 154.013992 900.015869 195.384003 1.629911 1.575695 3.913616 8.508766 0.703472 26.125695 2.604020 0.986426
Car -1 -1 -1.675338 666.060120 171.840866 708.909973 206.921570 1.501803 1.712471 3.751910 3.772144 1.575869 36.046811 -1.571072 0.939958
Car -1 -1 -2.186656 1015.374939 142.908844 1108.425903 173.640076 1.484987 1.604227 3.869818 20.770145 -0.017529 33.305794 -1.629050 0.891519
Car -1 -1 0.975537 1131.866821 133.906403 1258.262695 176.586182 1.471258 1.537353 3.682684 20.510091 0.063211 25.452218 1.653821 0.885439
Car -1 -1 2.170117 -428.124634 208.536194 184.175690 477.978424 1.536825 1.634829 3.914693 -5.517995 2.079537 6.217973 1.444292 0.883625
