Pedestrian -1 -1 0.769874 993.314636 142.159714 1110.203003 335.188538 1.699522 0.472291 0.886933 4.349853 1.365343 7.025361 1.324266 0.999565
Pedestrian -1 -1 2.356331 786.338135 144.974396 894.449829 329.020782 1.789642 0.779229 0.819388 2.743007 1.548475 8.412609 2.671521 0.999330
Pedestrian -1 -1 -1.105940 908.819763 144.846298 1019.554504 338.744080 1.772744 0.626719 0.915332 3.558326 1.416351 7.069936 -0.639653 0.999327
Pedestrian -1 -1 2.295371 700.934265 141.825256 808.886719 333.289642 1.775467 0.819658 0.861012 1.763750 1.439761 8.399618 2.502344 0.999019
Pedestrian -1 -1 1.823834 502.867920 144.456146 570.131897 324.406921 1.771331 0.599425 0.885921 -0.841684 1.513116 8.278695 1.722513 0.998478
Pedestrian -1 -1 2.040206 627.200134 158.653961 695.880920 294.053955 1.634122 0.604521 0.840616 0.777476 1.350340 9.919952 2.118421 0.997622
Pedestrian -1 -1 1.136424 242.377151 135.465698 307.953613 262.679993 1.911125 0.725873 0.761688 -5.771034 1.213367 12.215171 0.695059 0.997220
Pedestrian -1 -1 1.989044 548.395203 149.705780 612.022888 306.870270 1.682387 0.526453 0.875136 -0.344972 1.461487 9.579406 1.953048 0.996490
Pedestrian -1 -1 2.623030 660.163330 147.876129 730.443298 288.966461 1.699639 0.588028 0.822019 1.177769 1.341345 9.943728 2.740924 0.996383
Pedestrian -1 -1 -1.959486 581.369812 139.589325 642.791138 301.556549 1.758281 0.513643 0.877656 0.009372 1.359399 9.485301 -1.958497 0.995729
Pedestrian -1 -1 0.360523 883.447571 163.140274 928.315430 236.890457 1.693771 0.557122 0.864158 7.830814 1.308020 18.399972 0.762892 0.975477
Pedestrian -1 -1 1.079931 1099.071777 160.796356 1336.309326 510.657623 1.734728 0.653788 0.965635 3.630093 1.604213 4.410271 1.768599 0.946626
Pedestrian -1 -1 0.882424 613.763855 142.285721 645.626770 210.487305 1.760870 0.537511 0.702768 0.624063 0.548959 18.610797 0.915943 0.908136
Pedestrian -1 -1 -0.093635 487.993652 142.707245 523.710266 216.954956 1.746150 0.582749 0.813770 -2.652111 0.750038 18.405185 -0.236746 0.901745
