Pedestrian -1 -1 0.413016 872.984253 162.050018 1044.779541 414.891846 1.637805 0.696164 0.903476 2.799515 1.431830 5.597382 0.876781 0.999377
Pedestrian -1 -1 2.426545 826.145142 169.558640 947.359436 412.087128 1.557915 0.450586 0.589432 2.575274 1.552348 6.647644 2.796140 0.998653
Pedestrian -1 -1 2.307024 608.709961 141.414719 674.477173 256.363861 1.828968 0.752593 0.839994 0.600482 1.290221 12.258997 2.355968 0.998422
Pedestrian -1 -1 -1.832063 272.429565 136.255890 330.116943 257.110138 1.918681 0.670049 0.729714 -5.508493 1.208145 12.575010 -2.244936 0.997563
Pedestrian -1 -1 -2.965675 562.594788 142.634125 625.762695 259.557892 1.783634 0.666189 1.003851 -0.203569 1.279092 12.050815 -2.982566 0.996979
Pedestrian -1 -1 -2.055608 530.749084 143.242279 591.499268 261.072205 1.750034 0.642793 1.016733 -0.784169 1.261816 11.938149 -2.121200 0.994577
Pedestrian -1 -1 1.232044 473.676056 142.209885 506.898407 209.922729 1.774279 0.656161 0.945169 -3.089767 0.714503 18.974929 1.070627 0.982478
Pedestrian -1 -1 1.850965 497.036957 142.088867 531.412415 208.578003 1.766313 0.662603 1.038676 -2.472034 0.699189 19.038325 1.721842 0.973075
Pedestrian -1 -1 1.820299 441.699585 143.438446 475.653320 208.320084 1.756985 0.645171 0.993955 -4.084620 0.696933 19.493440 1.613749 0.963489
Pedestrian -1 -1 1.916854 597.286682 141.223175 642.253357 231.619034 1.743241 0.695575 0.990519 0.279856 0.766537 15.327225 1.935110 0.959817
Pedestrian -1 -1 -0.564899 416.231903 143.350266 451.598206 206.844910 1.731629 0.566659 0.893993 -5.525365 0.674175 22.662202 -0.804047 0.956941
Pedestrian -1 -1 0.590970 392.954651 141.386093 430.268646 206.649185 1.798521 0.593423 0.923334 -6.221892 0.684807 22.568980 0.321969 0.920906
Pedestrian -1 -1 1.182151 518.694397 142.573776 552.658020 207.642105 1.797733 0.615781 1.113819 -1.925488 0.511510 19.546001 1.083957 0.876817
Pedestrian -1 -1 -1.218657 638.822937 141.280380 679.807861 222.959915 1.769331 0.657144 0.802789 1.464158 0.777153 18.327960 -1.138940 0.810321
Pedestrian -1 -1 -0.097194 246.613205 139.071518 304.982086 250.723984 1.896791 0.680238 0.819565 -6.008647 1.082226 12.713084 -0.538711 0.754562
