Car -1 -1 -0.260521 12.435048 190.224823 397.428406 396.091553 1.437781 1.555010 3.520860 -4.284141 1.797409 7.932055 -0.755736 0.999970
Car -1 -1 -1.915906 405.523407 184.215988 506.716217 256.706604 1.559040 1.637315 3.590869 -4.330772 1.568132 20.019099 -2.128955 0.999849
Car -1 -1 -1.218519 695.865295 192.926376 802.686768 264.742188 1.374970 1.583927 3.416996 3.934705 1.751719 19.402209 -1.018435 0.999833
Car -1 -1 -1.317557 363.539337 185.880493 431.270508 226.331589 1.444623 1.593944 3.818931 -8.992142 1.516875 30.417832 -1.604991 0.999444
Car -1 -1 -1.762642 470.413055 185.965332 531.377197 230.074448 1.464660 1.621060 3.989375 -4.436311 1.524154 29.597588 -1.911422 0.999435
Car -1 -1 -1.408237 648.468994 185.281342 691.726379 219.385178 1.424597 1.614810 4.066516 3.242778 1.588310 36.523190 -1.319683 0.998094
Car -1 -1 -1.502544 587.198120 182.237045 613.420532 206.899567 1.594773 1.749744 3.829366 -0.410429 1.375782 50.526745 -1.510667 0.947989
Car -1 -1 -1.414988 502.261963 185.679398 541.877686 215.612305 1.489178 1.616786 4.020072 -4.690939 1.353230 39.754208 -1.532443 0.854675
Car -1 -1 0.921421 275.283691 188.757324 339.718597 223.948700 1.454472 1.453742 3.411510 -15.179508 1.723447 36.511742 0.527417 0.807853
Car -1 -1 -1.445378 528.959106 183.962830 555.994019 209.276733 1.540934 1.621228 3.813890 -4.376370 1.432754 49.664479 -1.533270 0.780189
