Car -1 -1 -0.910910 781.059998 197.546371 1122.929199 407.008606 1.422655 1.604440 3.730152 3.693273 1.930255 7.994070 -0.478121 0.999933
Car -1 -1 -1.186064 717.242310 185.955780 864.491638 295.170074 1.539617 1.591262 3.737490 3.293057 1.881982 13.378815 -0.944722 0.999848
Car -1 -1 -3.063178 394.621002 172.452423 506.838715 220.873795 1.849475 1.660784 4.069944 -5.709433 1.879879 25.945864 3.003408 0.999729
Car -1 -1 -2.192428 247.850616 177.835709 419.378265 256.764191 1.528570 1.589411 3.650471 -6.412823 1.640079 16.242223 -2.568465 0.999713
Car -1 -1 -1.336057 665.230225 183.547653 728.086243 231.297409 1.445256 1.574044 3.603380 3.415952 1.956833 28.850430 -1.218204 0.999566
Car -1 -1 -1.788303 647.544006 179.312820 689.760254 215.626175 1.582440 1.603494 3.742587 2.731486 1.855604 36.583909 -1.713777 0.996764
Car -1 -1 0.499585 -65.159744 169.768036 337.922485 326.394501 1.715436 1.568489 3.469356 -6.054078 1.707519 9.109801 -0.086963 0.995254
Car -1 -1 0.694211 358.245483 183.828018 473.212830 229.474518 1.466659 1.594716 3.907840 -7.860121 1.946240 28.363330 0.423873 0.877962
Car -1 -1 -0.960716 153.768158 172.239639 356.072540 267.677704 1.662448 1.595848 3.724065 -6.721092 1.574769 13.944486 -1.409851 0.872279
Car -1 -1 -2.812384 -446.293793 202.631149 161.820129 410.557343 1.531082 1.462429 3.261098 -6.922073 1.959381 7.287651 2.711125 0.765172
