Pedestrian -1 -1 -2.741240 811.551819 156.408936 928.088501 344.022827 1.777480 0.968082 0.976118 3.076259 1.468438 8.354623 -2.388435 0.998248
Pedestrian -1 -1 -1.204448 734.787598 165.319138 834.447388 342.344421 1.698741 0.834232 0.844930 2.164659 1.552064 8.501741 -0.955132 0.998039
Pedestrian -1 -1 1.987779 1063.798828 143.145264 1187.035400 293.725555 1.782930 0.768673 1.091546 6.253828 1.404201 8.598029 2.616630 0.997936
Car -1 -1 1.670462 429.525116 161.185730 500.721741 228.901428 2.087532 1.760364 4.455502 -3.897487 1.278704 21.384545 1.490184 0.997706
Pedestrian -1 -1 -1.483648 -23.999990 171.453979 96.792915 349.268524 1.764731 0.900381 0.946958 -5.824814 1.573313 7.403982 -2.150235 0.996760
Pedestrian -1 -1 -3.098287 352.734894 169.822922 414.703461 273.675171 1.802191 0.756117 0.903358 -3.844541 1.590692 12.875462 2.894732 0.995861
Pedestrian -1 -1 2.550611 1154.924316 142.038849 1263.621704 283.907227 1.730930 0.756030 1.006567 9.842656 1.304911 11.660943 -3.031533 0.994778
Pedestrian -1 -1 2.281313 994.235535 150.482132 1055.006592 271.317383 1.737831 0.628139 0.565124 6.861320 1.304448 11.732929 2.810475 0.994494
Pedestrian -1 -1 -2.987653 648.090881 167.891830 686.996216 241.694672 1.723921 0.760463 0.882332 1.754213 1.375165 18.690917 -2.894073 0.992664
Pedestrian -1 -1 -1.116814 390.884064 171.811996 436.980621 254.818069 1.740255 0.682989 0.929292 -4.080655 1.486430 15.637894 -1.372069 0.989129
Car -1 -1 1.551394 531.060608 168.344315 563.975830 201.380630 1.771116 1.845689 4.170695 -3.053484 0.896541 39.372563 1.473995 0.958931
Pedestrian -1 -1 2.788113 432.528900 170.717056 467.485901 246.504211 1.796438 0.707348 0.826183 -4.576212 1.768600 21.548550 2.578854 0.932515
Pedestrian -1 -1 0.315605 679.227783 172.480057 708.603088 228.293686 1.687500 0.750140 0.771937 3.102327 1.467929 24.191851 0.443147 0.910865
