Pedestrian -1 -1 0.645871 900.351685 139.416092 1051.827026 410.793121 1.775438 0.598250 0.793242 2.864211 1.473071 5.539900 1.123037 0.999078
Pedestrian -1 -1 -1.090696 625.119202 137.456558 680.759705 249.563705 1.826681 0.617884 0.889790 0.797994 1.131958 12.233114 -1.025556 0.997995
Pedestrian -1 -1 0.342902 1031.793213 123.733574 1216.254028 441.312500 1.824014 0.638501 0.795872 3.975854 1.505170 5.371220 0.980111 0.997445
Pedestrian -1 -1 0.724644 259.863312 132.509537 321.039215 253.704208 1.943274 0.710837 0.736621 -5.570281 1.194367 12.565100 0.307364 0.996443
Pedestrian -1 -1 -0.035831 585.965393 142.685730 636.450317 250.885742 1.806722 0.615450 0.841587 0.021888 1.137829 12.405565 -0.034067 0.993953
Pedestrian -1 -1 0.093084 471.349030 145.599228 508.897430 226.480392 1.648157 0.578375 0.844970 -2.858214 0.955002 17.485009 -0.068949 0.993466
Pedestrian -1 -1 1.974265 494.302582 142.873535 530.968140 225.221573 1.710852 0.588168 0.793511 -2.279549 0.786976 17.412076 1.844087 0.990658
Pedestrian -1 -1 -1.908771 530.271912 141.228531 573.042969 229.829651 1.737675 0.638804 0.845517 -1.201027 0.937279 15.081831 -1.988237 0.988704
Pedestrian -1 -1 1.852563 561.555725 142.474579 603.325806 231.966965 1.727942 0.635384 0.922361 -0.496239 0.942369 15.096743 1.819704 0.987141
Pedestrian -1 -1 1.279064 435.566833 143.151352 480.882294 226.186951 1.770359 0.702514 1.019970 -3.256259 0.941484 15.443776 1.071262 0.983352
Pedestrian -1 -1 0.814031 688.500427 147.636078 717.000977 206.502899 1.696018 0.511869 0.601380 2.991216 0.678289 22.250001 0.947666 0.971973
Pedestrian -1 -1 0.593512 964.158203 126.067619 1134.201904 460.205963 1.798061 0.555376 0.809559 3.207592 1.509347 5.277491 1.139637 0.968541
Cyclist -1 -1 2.772701 404.429626 144.173431 445.520660 196.226440 1.748696 0.557464 1.404476 -7.139667 0.296150 27.887700 2.522069 0.752722
