Car -1 -1 1.011498 55.537037 201.573303 330.595215 329.634613 1.407491 1.694984 4.297353 -6.670644 1.984143 11.339759 0.479761 0.999964
Car -1 -1 -1.914440 729.834106 177.908447 890.483765 278.824677 1.468496 1.603029 3.701957 3.523502 1.628827 13.386414 -1.657063 0.999922
Car -1 -1 1.993369 313.219971 192.171051 440.531921 261.132996 1.432597 1.672554 4.315794 -6.317743 2.113568 19.857571 1.685343 0.999905
Car -1 -1 -1.901553 696.006775 176.537552 792.516479 246.014893 1.512264 1.618334 4.028547 4.170688 1.722363 22.898400 -1.721389 0.999758
Car -1 -1 1.868670 397.842285 185.538376 478.146179 237.948730 1.486980 1.558408 3.900742 -5.797301 2.057355 24.483227 1.636166 0.999738
Car -1 -1 1.810975 464.056549 184.069839 516.937988 220.218643 1.463440 1.507480 3.677000 -6.135765 2.186030 36.287575 1.643472 0.997907
Car -1 -1 -1.456412 669.655457 176.898163 724.781738 222.483521 1.536577 1.635535 3.851373 3.464113 1.865957 29.176209 -1.338235 0.997867
Car -1 -1 2.210326 1031.172974 145.142105 1308.082886 241.575882 1.714369 1.636528 3.865034 8.994335 1.208960 11.752596 2.863551 0.997624
Car -1 -1 1.317302 509.192444 179.524612 543.848938 204.676132 1.551767 1.614332 3.713236 -5.826825 2.063457 48.972054 1.198876 0.989710
Car -1 -1 -1.740506 650.379395 179.129608 682.080750 207.147202 1.465130 1.534086 3.660315 3.242999 1.880458 44.060437 -1.667035 0.934660
Car -1 -1 1.169718 938.743103 162.781464 1080.030151 217.335159 1.528927 1.703162 4.215119 11.876059 1.215157 21.437854 1.675609 0.902369
