Car -1 -1 1.681864 474.156433 166.050491 539.401245 223.436646 2.072948 1.805173 4.644699 -3.373856 1.363276 26.047200 1.553052 0.998948
Pedestrian -1 -1 -2.729075 834.743347 147.076324 975.674011 392.079803 1.822775 0.901547 0.968644 2.898520 1.586629 6.962809 -2.334608 0.998619
Pedestrian -1 -1 -2.667828 740.207336 166.693115 866.522461 391.710388 1.721493 0.827667 0.976002 1.917186 1.562227 7.085702 -2.403584 0.998361
Pedestrian -1 -1 -0.392619 155.142212 155.765442 312.393494 373.360962 1.810335 0.966970 1.010545 -3.775374 1.570812 7.191698 -0.876037 0.997545
Pedestrian -1 -1 -0.771504 1100.549194 147.288635 1183.344360 266.346222 1.797297 0.605797 0.943921 8.939531 1.321199 11.956611 -0.129500 0.997158
Pedestrian -1 -1 -1.880780 629.302551 167.594589 680.791687 253.829483 1.792290 0.763655 1.008604 1.058940 1.339520 15.799705 -1.813857 0.994948
Pedestrian -1 -1 -3.042370 718.301819 167.315506 759.104797 246.393738 1.760519 0.764474 0.886868 3.536699 1.404833 18.382990 -2.852303 0.991831
Pedestrian -1 -1 -0.934317 1152.427979 145.669312 1219.964600 248.126068 1.776828 0.608602 0.718948 10.709204 1.144571 13.179055 -0.251944 0.953408
Pedestrian -1 -1 0.808653 1171.010254 150.010117 1203.825806 220.215210 1.749384 0.533333 0.484577 17.477206 0.840581 21.481118 1.491637 0.817647
Pedestrian -1 -1 1.968956 681.490173 174.914078 705.421265 216.520676 1.703291 0.697454 0.850886 3.960875 1.339985 30.819220 2.096775 0.817135
Pedestrian -1 -1 -1.434636 432.186615 173.888977 462.124054 229.261765 1.748885 0.847377 0.772833 -5.199019 1.536262 24.244004 -1.645883 0.790361
