Car -1 -1 1.961326 259.873657 193.130157 389.003204 272.965607 1.485839 1.590607 3.719233 -6.366215 2.114241 16.593997 1.594997 0.999904
Car -1 -1 2.500046 -50.048702 206.566132 361.229431 426.594299 1.397591 1.578048 3.563384 -4.671329 2.031356 7.935141 1.967985 0.999777
Car -1 -1 -1.764518 665.341064 179.241730 737.227295 234.417633 1.544488 1.677582 3.973701 2.912001 1.773620 24.321112 -1.645354 0.999726
Car -1 -1 -2.994632 869.926514 157.448776 1119.855835 242.772171 1.633408 1.678432 4.363319 7.120637 1.127619 13.613569 -2.512712 0.998989
Car -1 -1 -1.297833 400.458984 185.448151 477.224182 235.462280 1.623522 1.609402 3.999078 -6.096846 1.939811 25.809190 -1.529809 0.998792
Car -1 -1 2.477262 770.219666 165.490448 916.869446 214.963120 1.659285 1.669289 4.498414 8.030952 1.391802 24.630803 2.792446 0.995618
Car -1 -1 1.290991 467.833191 183.673691 514.859741 215.846252 1.516594 1.582846 3.781178 -6.443357 2.243259 38.314683 1.124380 0.994465
Car -1 -1 0.039286 1060.842285 150.914124 1158.889526 188.407104 1.629854 1.614192 3.458921 21.426770 0.612674 31.022584 0.643731 0.953165
Car -1 -1 -3.048578 837.052612 165.163712 973.346924 215.856476 1.626020 1.683497 4.270470 10.144476 1.354719 24.784093 -2.660068 0.941303
Car -1 -1 -1.167711 1181.891968 138.854340 1270.137085 179.239441 1.654241 1.631453 3.588914 26.028928 0.131680 30.579898 -0.462534 0.871902
Car -1 -1 0.031224 1106.891235 148.162781 1204.413818 187.017639 1.606452 1.599873 3.246930 22.886100 0.558696 30.396554 0.676590 0.851823
Car -1 -1 1.058450 1013.315125 156.558670 1106.332886 189.814590 1.537418 1.536502 3.879842 20.017282 0.647318 32.104523 1.615973 0.777631
