Car -1 -1 1.745246 531.498108 173.437576 603.472778 230.178101 1.530338 1.619398 3.904826 -1.112942 1.378658 23.534871 1.697992 0.998995
Pedestrian -1 -1 -2.965469 856.200012 159.453293 952.838074 321.145660 1.764572 0.723452 0.930855 3.623773 1.459015 8.644840 -2.568535 0.998877
Pedestrian -1 -1 -0.739588 940.367676 160.690857 1090.067749 440.003387 1.634911 0.604137 0.770515 3.056182 1.558867 5.434846 -0.227327 0.998661
Pedestrian -1 -1 -1.084582 788.899841 164.473694 889.732117 378.473236 1.672431 0.659836 0.897433 2.199020 1.592626 6.895524 -0.775872 0.998287
Pedestrian -1 -1 -2.030304 667.352600 167.459641 759.769409 334.703247 1.679808 0.792477 0.930902 1.231163 1.542013 8.584905 -1.887865 0.998091
Pedestrian -1 -1 -2.914225 741.366272 166.252640 806.211914 283.841827 1.717049 0.662652 0.877623 3.006487 1.683062 12.484593 -2.677909 0.996230
Pedestrian -1 -1 -2.750842 991.294678 139.498413 1252.702393 579.948120 1.765381 0.729665 1.033393 2.982466 1.555394 4.233834 -2.137145 0.993986
Pedestrian -1 -1 -1.228568 485.489563 157.592651 545.952637 270.816650 1.829672 0.830925 0.969199 -1.464916 1.397337 12.497351 -1.345253 0.988008
Pedestrian -1 -1 0.553447 1030.098145 152.377136 1177.806152 462.195709 1.725383 0.542742 0.615114 3.408486 1.439012 4.947128 1.156740 0.873832
Pedestrian -1 -1 -2.618458 423.578461 166.830673 471.082825 259.350616 1.737138 0.855605 0.679290 -3.265413 1.485701 15.206816 -2.829979 0.799925
