Car -1 -1 1.622089 537.603271 176.642715 575.535156 206.939560 1.500545 1.687042 4.143509 -2.427631 1.251634 38.538689 1.559180 0.999181
Pedestrian -1 -1 3.112230 705.200806 162.986679 742.494202 238.030060 1.760560 0.703298 0.910296 3.118242 1.349472 18.901927 -3.007459 0.996868
Pedestrian -1 -1 1.426235 437.169708 170.219177 470.910736 235.438248 1.788636 0.722351 0.835119 -4.093832 1.409679 19.571835 1.220038 0.993672
Pedestrian -1 -1 -1.860374 674.568054 168.448456 714.348816 254.016022 1.679124 0.666746 0.871826 1.953948 1.281948 15.218919 -1.732683 0.992789
Pedestrian -1 -1 1.396508 412.210602 171.112289 446.668335 234.775940 1.720280 0.716645 0.885654 -4.717283 1.376610 19.430384 1.158337 0.991004
Pedestrian -1 -1 -1.411883 627.183044 166.416733 666.303650 259.570343 1.730370 0.740077 1.009115 0.962249 1.477748 15.146664 -1.348440 0.985813
Pedestrian -1 -1 -1.153921 739.546448 159.322037 771.008118 222.774200 1.801027 0.689908 1.023241 4.956709 1.157335 23.357192 -0.944810 0.982102
Pedestrian -1 -1 -0.143036 605.533508 165.480865 634.864380 227.477493 1.856225 0.858966 0.943179 0.481672 1.276561 23.372920 -0.122431 0.971100
Pedestrian -1 -1 1.203294 721.869263 160.722275 757.950989 228.060196 1.786158 0.726711 0.995002 3.809388 1.121621 19.797843 1.393385 0.969284
Pedestrian -1 -1 2.600942 -37.982693 143.614639 258.251373 648.565491 1.711285 0.588418 0.914247 -2.583583 1.673506 3.894756 2.015240 0.910597
