Car -1 -1 1.085916 201.614639 198.879654 371.085815 296.186005 1.409484 1.557979 3.624882 -6.066569 2.044093 13.507819 0.663798 0.999931
Car -1 -1 1.871366 317.863617 193.364365 426.104370 259.877655 1.455344 1.567328 3.601764 -6.691725 2.134813 20.019505 1.548781 0.999889
Car -1 -1 -2.238614 -152.080246 206.384369 264.515045 402.870605 1.523114 1.611228 3.902535 -6.125407 1.988754 8.030967 -2.890208 0.999854
Car -1 -1 1.883773 447.166718 186.181824 505.502625 223.295715 1.396336 1.561016 3.955559 -6.680424 2.197434 35.802170 1.699301 0.999583
Car -1 -1 1.256856 390.327545 189.138809 468.535034 238.082733 1.420850 1.581111 3.959666 -6.256601 2.065906 24.854123 1.010247 0.999534
Car -1 -1 -1.819604 667.961426 174.398346 731.868347 220.308914 1.511393 1.654605 3.729143 3.453494 1.537961 28.838101 -1.700417 0.998866
Car -1 -1 -2.987190 843.613464 149.406616 1017.794861 210.494293 1.626623 1.644659 4.100629 8.908418 0.948950 20.090161 -2.569820 0.997416
Car -1 -1 1.370872 504.547272 181.645828 542.585449 206.706650 1.507689 1.630341 3.908219 -5.568351 2.036704 46.166989 1.250839 0.983793
Car -1 -1 2.802671 772.908020 158.475647 906.263367 204.123398 1.578634 1.678013 4.183347 8.047324 1.024806 25.679435 3.106354 0.960379
Car -1 -1 -0.944428 1142.556885 134.580734 1267.624146 179.501770 1.665558 1.615740 3.812974 21.414644 0.178468 26.096940 -0.257264 0.925364
