Car -1 -1 -1.858247 551.324707 207.907562 804.192322 357.672546 1.346793 1.673084 4.233312 0.734886 1.991576 9.459342 -1.780714 0.999929
Car -1 -1 1.886106 105.570206 212.815811 236.384811 314.053162 1.463557 1.546139 3.508739 -9.451123 2.596870 15.882268 1.349317 0.999752
Car -1 -1 -1.824997 499.852234 205.846420 628.765442 303.009369 1.416946 1.558859 3.792511 -1.002528 2.340133 15.996419 -1.887587 0.999738
Car -1 -1 -1.791024 442.159851 197.271149 534.041382 272.800049 1.598876 1.627819 3.781922 -3.439667 2.478790 19.799220 -1.963035 0.999708
Car -1 -1 1.585053 214.198135 195.161011 286.651917 263.131775 1.851492 1.727989 4.279681 -10.607612 2.455908 21.312083 1.123225 0.999648
Car -1 -1 1.997622 -180.096542 213.629547 195.037613 447.906769 1.385807 1.587425 3.731685 -6.215894 2.039537 7.921589 1.332294 0.999320
Car -1 -1 -2.376101 664.815308 204.972061 1216.796387 537.277466 1.446816 1.604174 3.642941 2.037482 1.960990 5.879294 -2.042501 0.996857
Car -1 -1 -1.701100 406.138489 202.810013 450.190735 244.893509 1.481511 1.600213 3.972067 -8.994780 3.289033 35.350667 -1.950257 0.995868
Car -1 -1 1.683476 276.936035 201.978836 310.885986 231.154480 1.467259 1.643929 3.864141 -19.081527 3.356615 43.874417 1.273240 0.988407
Car -1 -1 -1.827344 418.226837 202.993866 484.997742 254.295319 1.467310 1.626582 3.729488 -6.480823 2.888825 28.866280 -2.048194 0.846853
