Car -1 -1 -1.079423 749.432800 188.229919 962.588501 320.369232 1.397603 1.604035 3.943705 3.837413 1.783061 11.309521 -0.752305 0.999978
Car -1 -1 1.205041 299.660767 193.146317 446.900330 301.225037 1.455634 1.513332 3.506265 -4.447213 2.041762 13.294469 0.882227 0.999909
Car -1 -1 -1.748643 675.250854 174.669662 790.415710 263.556824 1.584173 1.638795 3.747948 2.653843 1.647535 16.013844 -1.584414 0.999835
Car -1 -1 1.647233 443.713989 172.022873 512.897095 236.509399 1.868732 1.699798 4.354247 -4.551801 1.905935 24.380763 1.462662 0.999741
Car -1 -1 -1.414746 631.466370 179.926163 683.395386 222.483337 1.437845 1.553815 3.711445 1.965248 1.876838 29.581410 -1.348409 0.999230
Car -1 -1 1.638204 507.613098 178.701187 541.755493 204.973572 1.480642 1.674453 4.035049 -5.300471 1.877571 44.173939 1.518784 0.998308
Car -1 -1 -2.301626 -235.573013 197.998886 360.166168 548.919189 1.488762 1.594082 3.788424 -4.345617 1.954994 5.781003 -2.946218 0.997446
Car -1 -1 -2.341392 851.072449 199.091263 1493.584717 543.477356 1.371530 1.597952 3.773519 3.598027 1.872174 5.730817 -1.780754 0.985762
Car -1 -1 -1.859647 646.941467 181.293777 716.544250 231.999420 1.418642 1.561574 3.676517 2.701563 1.886045 27.702355 -1.762433 0.974632
Car -1 -1 -1.652279 612.202332 177.631592 641.916382 204.652084 1.615826 1.633870 3.757773 1.026941 1.945946 46.769234 -1.630325 0.933324
