Car -1 -1 -1.675679 768.715393 179.255112 1001.428162 339.465576 1.622004 1.608789 3.575709 3.035592 1.819835 8.244674 -1.322894 0.999850
Car -1 -1 -1.269925 683.821228 184.150589 750.550293 234.373489 1.389020 1.543885 3.651729 4.191661 1.911184 27.995949 -1.121305 0.999262
Car -1 -1 -2.410977 119.854141 183.660110 371.696320 272.510254 1.484339 1.586623 3.945235 -6.936431 1.653535 13.492730 -2.885830 0.999207
Car -1 -1 -0.802152 253.813065 181.063232 434.244812 255.294312 1.511150 1.572209 3.671696 -5.776131 1.644736 16.128255 -1.146057 0.998934
Car -1 -1 -0.808866 364.739105 182.971176 485.532227 234.688553 1.460767 1.620960 3.937738 -6.062559 1.755392 23.851189 -1.057778 0.997763
Car -1 -1 3.076002 417.764252 179.107590 514.638672 221.217804 1.478126 1.598356 4.050732 -5.984422 1.876426 29.535636 2.876092 0.992550
Car -1 -1 -2.537077 -292.720367 186.228317 235.912308 343.180328 1.534588 1.679615 4.052365 -6.839690 1.653893 8.009377 3.039319 0.991653
Car -1 -1 -0.884799 738.148804 183.026581 817.894775 218.326874 1.368753 1.465065 3.629265 7.297140 1.909677 31.487939 -0.657075 0.966340
Car -1 -1 1.447351 638.190674 164.186783 673.159241 201.634415 1.799975 1.584396 3.177901 2.133143 1.294729 36.617753 1.505539 0.925555
Car -1 -1 -1.209692 496.977539 175.844788 548.913574 202.839264 1.434719 1.550105 3.907131 -4.840854 1.655173 40.093205 -1.329850 0.753280
