Car -1 -1 -1.822988 733.990234 158.893890 1003.026917 347.249298 1.773431 1.707717 4.420617 3.169106 1.883812 9.411681 -1.498192 0.999931
Car -1 -1 -1.690969 677.678223 175.382172 753.570923 235.797424 1.506906 1.610729 3.854149 3.493013 1.683880 23.452092 -1.543113 0.999597
Car -1 -1 -1.739816 653.244934 173.635254 696.666077 209.670959 1.460715 1.557087 3.471692 3.126823 1.608303 35.602582 -1.652215 0.999398
Car -1 -1 -2.065210 703.344849 180.007065 824.567505 262.291443 1.502035 1.606173 3.922432 3.813987 1.815948 19.190469 -1.869022 0.999386
Car -1 -1 -2.290733 180.172302 174.668823 389.329803 263.190216 1.546075 1.679355 3.785903 -6.223274 1.667811 13.821707 -2.713798 0.997496
Car -1 -1 -0.943936 363.508698 178.016968 470.970062 225.834351 1.474214 1.674319 4.011897 -6.647825 1.698835 24.829631 -1.205538 0.975208
Car -1 -1 -1.666139 637.392273 172.348923 667.633911 199.839905 1.534586 1.586887 3.694052 2.497533 1.373814 44.356309 -1.609892 0.959935
Car -1 -1 -0.730339 -84.706024 189.758102 254.663498 312.477905 1.441599 1.587619 4.073311 -7.684472 1.791487 11.168616 -1.332994 0.949524
Car -1 -1 3.037506 414.783142 172.262100 514.213379 209.433548 1.495373 1.616117 4.018743 -6.283154 1.477674 30.879922 2.836775 0.919703
Car -1 -1 0.425335 -306.020325 191.176056 234.389954 369.371704 1.453956 1.590921 3.721361 -6.399996 1.697047 7.509408 -0.280472 0.905071
