Car -1 -1 -1.175787 -109.246735 196.105072 270.501617 384.809967 1.655548 1.628885 3.861905 -5.700395 1.929045 8.098975 -1.789086 0.999903
Car -1 -1 1.891745 347.928314 185.990143 453.607849 250.507950 1.505503 1.635820 3.978549 -5.757741 1.866540 20.165858 1.613626 0.999879
Car -1 -1 1.316622 414.655304 184.795013 485.311676 232.209625 1.456231 1.559973 3.922153 -6.352209 1.980051 28.779473 1.099385 0.999570
Car -1 -1 1.412973 484.046417 182.286774 528.493469 213.061005 1.467606 1.619165 3.713938 -5.826127 1.964690 41.163029 1.272369 0.992448
Car -1 -1 1.135196 444.998627 181.974579 502.836365 224.309860 1.563725 1.558170 3.762055 -6.560291 2.214675 35.022065 0.950023 0.992144
Car -1 -1 1.454017 503.281616 180.524734 541.032349 207.382004 1.483067 1.661043 3.899055 -5.336195 1.932635 43.956551 1.333211 0.989024
Car -1 -1 -0.893624 1096.011353 138.636169 1220.448853 179.228012 1.525708 1.624115 3.854387 19.901669 0.148110 26.347226 -0.246701 0.973489
Car -1 -1 -1.696416 663.740051 172.247345 707.881042 206.004913 1.481808 1.691021 3.764203 3.771192 1.566784 36.461488 -1.593353 0.965052
Car -1 -1 -1.060237 1007.190247 146.887848 1073.717651 176.243973 1.586220 1.656691 3.736668 23.201957 0.015527 39.115269 -0.524856 0.943941
Car -1 -1 2.338159 762.629883 157.500595 882.252136 195.592804 1.545042 1.618242 4.487157 8.175444 0.910126 27.600930 2.626127 0.894030
Car -1 -1 2.366894 1043.244141 143.393265 1145.781738 176.554626 1.548453 1.584285 3.710263 21.797880 0.074739 32.482655 2.957934 0.829227
