Car -1 -1 1.505867 528.141357 171.731003 585.478699 222.282806 2.045609 1.828881 4.698018 -1.774278 1.417268 27.810704 1.442154 0.999270
Pedestrian -1 -1 -0.763334 736.584778 164.389603 864.648682 401.179962 1.731313 0.780942 0.864399 1.886887 1.654910 7.002555 -0.500129 0.998867
Pedestrian -1 -1 -1.984571 1030.049438 166.219330 1119.291626 325.352753 1.618237 0.593469 0.703137 5.468584 1.380269 8.449317 -1.410151 0.998664
Pedestrian -1 -1 -1.366829 801.769409 153.268387 955.714844 398.542603 1.809898 0.927720 1.002191 2.161891 1.580160 5.654646 -1.001655 0.998318
Pedestrian -1 -1 -0.534170 161.451599 162.177414 313.663239 390.644806 1.790667 0.881519 1.013977 -3.620442 1.578927 7.071564 -1.007349 0.998219
Car -1 -1 1.563046 599.347351 174.421005 631.791077 204.430649 1.679574 1.783040 3.826226 0.786925 1.299768 41.038621 1.582219 0.992297
Pedestrian -1 -1 2.899915 1162.889893 153.909485 1220.874390 239.079575 1.825554 0.575040 0.902430 12.620199 1.246212 15.462236 -2.698732 0.987890
Pedestrian -1 -1 1.296933 484.812317 175.648422 513.820129 228.326050 1.758819 0.712991 0.878651 -3.575491 1.560020 24.709567 1.153229 0.955705
Cyclist -1 -1 -0.957114 353.106384 176.021881 422.943359 269.442200 1.724026 0.564565 1.523159 -4.393272 1.513557 14.866488 -1.244451 0.943319
Pedestrian -1 -1 2.010125 895.561340 169.755325 935.690979 234.447510 1.611029 0.660157 0.723199 8.324776 1.283517 19.018406 2.422722 0.933817
