Car -1 -1 1.245011 821.535522 174.915451 931.294922 246.528244 1.498133 1.587878 3.859859 7.148728 1.540939 19.780556 1.591807 0.999828
Car -1 -1 -0.897925 337.608521 195.545044 467.997498 266.262390 1.353484 1.586342 3.744813 -5.656324 2.079180 19.640462 -1.178331 0.999817
Car -1 -1 -2.164639 481.457855 162.835587 751.220215 322.461731 1.763845 1.629187 3.825759 -0.172627 1.603678 9.524029 -2.182762 0.999776
Car -1 -1 1.456564 730.189026 172.810791 806.365540 241.690414 1.615955 1.746163 4.120880 4.965251 1.736981 22.933289 1.669782 0.999627
Car -1 -1 -1.731166 223.854111 190.869095 288.946930 231.150391 1.378363 1.620445 4.169836 -15.073240 2.072069 30.360104 -2.191995 0.998896
Car -1 -1 2.985742 404.958130 177.294647 501.051056 217.369797 1.736952 1.621054 3.838906 -7.027518 1.775097 31.846503 2.768554 0.998348
Car -1 -1 1.725246 -11.003305 190.929520 44.483879 227.285965 1.566733 1.664719 3.703456 -30.731811 2.479267 37.404122 1.037463 0.992540
Car -1 -1 -1.553942 175.751816 182.390320 203.005966 207.622757 1.753298 1.727060 5.021499 -29.419755 2.312203 50.624154 -2.080379 0.976099
Car -1 -1 -1.682132 207.613724 188.883057 258.454926 223.841278 1.437502 1.683793 4.187331 -19.273410 2.311414 36.588593 -2.166958 0.974074
Car -1 -1 0.177575 911.783264 170.318085 1050.433838 216.847260 1.549375 1.571990 4.180890 13.039724 1.416332 25.585683 0.648912 0.793262
