Car -1 -1 -2.029632 214.184647 180.009308 458.486664 331.089966 1.485830 1.604999 3.798055 -3.637226 1.625023 9.344963 -2.400809 0.999942
Pedestrian -1 -1 3.116935 123.450912 179.678452 172.012512 251.370590 1.671624 0.524069 0.923576 -10.656736 1.524597 16.381869 2.540195 0.996778
Pedestrian -1 -1 -0.021040 148.680344 177.777939 196.823944 246.678558 1.701899 0.493192 0.943401 -10.254318 1.512285 16.644528 -0.573197 0.995995
Pedestrian -1 -1 -2.209182 68.789108 172.945328 130.307510 260.304382 1.804286 0.616490 1.041074 -11.432419 1.559425 15.926254 -2.831778 0.994758
Pedestrian -1 -1 -0.664704 586.122986 152.769531 649.554626 242.315140 1.858274 0.674378 1.181210 0.265344 1.269458 15.460424 -0.647543 0.993299
Car -1 -1 1.657039 464.089874 168.602310 493.895752 191.561111 1.487562 1.660761 4.255441 -8.670166 0.647006 48.865121 1.481436 0.992042
Cyclist -1 -1 -1.872082 895.156433 147.799835 936.420898 200.771225 1.713664 0.627730 1.748000 10.419777 0.635248 23.634217 -1.456841 0.987628
Pedestrian -1 -1 -0.898363 234.781219 166.617050 264.212860 223.981247 1.756644 0.536647 0.818747 -12.053798 1.208773 23.875104 -1.365898 0.948053
Cyclist -1 -1 -1.892318 1185.820801 141.767380 1249.363770 205.760040 1.737536 0.749859 2.120180 19.305420 0.641695 22.266765 -1.178034 0.911059
Pedestrian -1 -1 -0.176977 394.227509 159.595078 435.528564 228.727005 1.820162 0.589510 0.897572 -5.303819 1.140340 19.372453 -0.444210 0.788249
