Car -1 -1 -2.020493 155.836197 194.803864 341.638763 293.254822 1.352707 1.583522 3.688620 -6.871302 1.585246 13.455272 -2.492646 0.999971
Car -1 -1 -1.681084 608.309204 179.805786 718.808838 265.229919 1.574263 1.679224 3.880910 1.139052 1.569909 15.361314 -1.607069 0.999722
Car -1 -1 -1.312191 306.977600 188.557419 409.027740 252.069962 1.386397 1.612538 3.956259 -6.981099 1.493090 20.126116 -1.646073 0.999716
Car -1 -1 -1.647651 501.260437 181.496796 550.078369 226.932083 1.570798 1.665575 4.069510 -3.471785 1.503501 29.366547 -1.765327 0.999490
Car -1 -1 -1.794203 367.324677 184.255264 432.247253 228.051758 1.420891 1.656174 4.047330 -8.635458 1.464889 29.320752 -2.080622 0.999445
Car -1 -1 -1.732307 419.395416 184.257080 460.581543 213.314163 1.381487 1.605644 3.771172 -9.775423 1.283640 41.910176 -1.961457 0.992256
Car -1 -1 -1.992494 59.603489 176.286804 215.291306 253.768204 1.816387 1.805719 4.316690 -11.729644 1.585612 17.968846 -2.570819 0.979126
Car -1 -1 2.219202 -48.579060 178.536743 72.744431 229.100418 1.489139 1.541474 3.519621 -19.877483 1.318451 24.348475 1.534556 0.889203
Car -1 -1 -0.840794 -325.794098 209.068512 141.153351 421.400513 1.485244 1.607270 3.534348 -6.843959 1.947180 7.609358 -1.573285 0.853160
Car -1 -1 -1.967021 269.373566 184.823151 332.231171 220.129593 1.470912 1.540273 3.953600 -15.509983 1.621682 36.248768 -2.371325 0.767527
Car -1 -1 -1.906951 51.978989 175.220810 156.166855 225.935715 1.701369 1.737004 4.412261 -18.906731 1.179939 26.794657 -2.521436 0.764178
