Car -1 -1 1.645796 405.287415 156.777008 485.590118 229.865524 2.110626 1.868964 4.729383 -4.383258 1.263977 20.710715 1.437232 0.999637
Pedestrian -1 -1 2.069726 1055.010376 144.737442 1177.017090 310.302917 1.792900 0.744130 1.033368 6.061751 1.435408 8.513799 2.688454 0.998522
Pedestrian -1 -1 -1.302907 790.414612 155.170273 898.230957 330.711395 1.800199 0.965367 0.962774 2.844884 1.466101 8.474398 -0.979025 0.998396
Pedestrian -1 -1 -1.180661 711.865845 164.350967 799.554382 334.705078 1.708092 0.787666 0.892532 1.781123 1.559810 8.572172 -0.975796 0.998135
Pedestrian -1 -1 1.823762 1017.414124 147.745667 1086.179932 285.951324 1.752725 0.614726 0.585606 6.300446 1.364650 10.049608 2.383751 0.995713
Pedestrian -1 -1 3.039654 275.838165 163.261032 344.225769 279.098206 1.835853 0.733160 1.035071 -5.128609 1.426106 12.537737 2.651367 0.995450
Car -1 -1 1.556405 521.140564 165.441010 558.162354 203.366501 1.835123 1.822117 4.216869 -2.800625 0.887496 33.332207 1.472580 0.993984
Pedestrian -1 -1 -1.251034 1111.701172 138.283646 1208.536499 293.188721 1.776554 0.745012 0.820137 7.480853 1.054025 9.631834 -0.590676 0.980517
Pedestrian -1 -1 -1.316212 619.743042 168.118896 662.356445 239.383179 1.749660 0.779519 1.041684 1.140405 1.395865 19.133761 -1.256681 0.964150
Pedestrian -1 -1 1.231188 383.342102 170.968613 433.819946 262.417389 1.708746 0.670289 0.931993 -4.136131 1.633668 15.082278 0.963530 0.953487
Pedestrian -1 -1 1.303055 361.443573 168.035110 404.228760 253.819229 1.693403 0.610726 0.958714 -4.666342 1.292419 15.136278 1.004011 0.939634
Pedestrian -1 -1 0.276230 797.131775 162.048706 825.749329 214.942383 1.749859 0.698840 0.746165 7.170789 0.936743 24.540055 0.560522 0.832024
Pedestrian -1 -1 1.696754 234.345688 168.244141 262.351257 226.128799 1.744316 0.670264 0.658276 -11.554698 1.253986 23.562258 1.240824 0.807572
Pedestrian -1 -1 -2.015229 669.849731 173.296387 697.338989 228.000519 1.668664 0.698304 0.629319 2.671244 1.469231 23.580599 -1.902428 0.778948
