Car -1 -1 -1.706968 634.793396 189.787384 673.571350 220.904495 1.413148 1.571892 4.196110 2.164496 2.323097 37.881306 -1.649891 0.999331
Car -1 -1 0.719890 805.977112 193.299347 976.893555 277.429565 1.463185 1.588316 3.345810 6.103730 2.089648 16.054553 1.083200 0.998904
Car -1 -1 2.741255 397.470642 189.026627 506.173431 224.922501 1.472839 1.607209 3.987294 -6.924177 2.101489 31.273118 2.523361 0.998599
Car -1 -1 0.576152 724.245422 186.783249 847.306824 234.970657 1.584504 1.563511 4.010982 6.212833 2.210755 26.283152 0.808272 0.998549
Car -1 -1 -2.194752 85.658730 190.830368 375.977814 296.152893 1.450896 1.613984 3.830616 -6.283105 1.803361 11.336734 -2.700834 0.995511
Car -1 -1 -1.135623 874.942566 193.595337 1046.800415 294.770721 1.462927 1.571789 3.499856 6.715440 2.045252 13.719578 -0.680428 0.992928
Car -1 -1 -0.899489 742.348938 191.828857 910.089600 253.041840 1.447255 1.587374 3.996977 5.232390 1.911227 17.245007 -0.604902 0.982622
Car -1 -1 -1.144707 8.377724 193.878296 253.149063 318.367523 1.437662 1.571441 3.668073 -7.226795 1.819148 11.131355 -1.720540 0.978998
Cyclist -1 -1 1.789851 529.878296 184.488983 551.504089 227.330780 1.676736 0.545916 1.868782 -2.567757 1.985580 27.139336 1.695518 0.973574
Car -1 -1 -2.375334 253.122543 180.420807 427.317841 252.271454 1.560342 1.649333 3.981408 -6.217515 1.709718 16.774277 -2.730293 0.960488
