Car -1 -1 2.783615 403.987610 185.187271 511.825043 221.285156 1.483244 1.650016 4.068718 -6.568505 2.035462 31.684415 2.579200 0.999251
Car -1 -1 0.837919 722.659119 183.628799 833.680176 227.195206 1.567229 1.557854 3.949027 6.084969 1.908754 27.418830 1.056306 0.998790
Car -1 -1 -1.711490 634.245483 186.165131 673.235229 215.823303 1.409345 1.594305 4.150266 2.176615 2.221244 38.474366 -1.654977 0.998731
Car -1 -1 2.951628 127.405289 187.923706 374.383057 282.191650 1.427135 1.558389 3.696021 -6.595168 1.812459 13.189502 2.487955 0.997954
Car -1 -1 -1.110128 794.434265 188.317062 940.558533 262.912537 1.435642 1.578985 3.091549 6.044438 1.869732 16.437649 -0.757756 0.997381
Car -1 -1 0.771793 -384.636292 175.053833 262.650879 379.061615 1.662725 1.661376 4.084074 -4.915506 1.538461 5.735128 0.063199 0.997062
Car -1 -1 -2.880289 844.664490 206.161713 1423.488770 546.175171 1.370543 1.590039 3.596657 3.996259 2.005095 5.897135 -2.284713 0.993356
Car -1 -1 3.041778 273.085571 176.601242 429.410126 241.039444 1.538888 1.645018 3.853770 -7.222368 1.604225 19.923661 2.694010 0.988569
Cyclist -1 -1 1.414863 534.886597 181.543381 556.214600 221.000778 1.666134 0.561317 1.712006 -2.544446 1.914533 27.982468 1.324183 0.952788
Car -1 -1 -1.051278 870.322327 188.399948 1031.041992 267.400879 1.454263 1.655267 3.773241 7.775322 1.875590 16.455312 -0.609862 0.917877
Car -1 -1 0.104060 744.741516 187.466141 883.640076 243.415451 1.442955 1.579383 3.933387 5.943550 1.712286 20.618994 0.384708 0.825575
