Car -1 -1 -1.190823 705.974854 188.317154 815.202454 269.449738 1.376146 1.559571 3.411661 4.076893 2.045489 19.130444 -0.980854 0.999887
Car -1 -1 0.263437 -8.668452 189.960724 355.634583 308.794739 1.474155 1.593414 3.958190 -6.369741 1.800759 11.008712 -0.261105 0.999185
Car -1 -1 0.766789 770.324280 177.086716 936.679138 239.603500 1.647081 1.599344 3.917000 5.765119 1.711102 17.458180 1.085739 0.999183
Car -1 -1 0.303360 164.247757 188.629257 410.035950 277.995178 1.441044 1.557666 3.847930 -6.000093 1.839876 13.611102 -0.111836 0.999121
Car -1 -1 -0.278474 286.937012 184.178238 453.856537 248.630615 1.440016 1.664305 4.028859 -6.620987 1.845806 19.883404 -0.599916 0.998845
Car -1 -1 -2.482560 366.815521 182.968735 483.172882 228.801575 1.415155 1.625328 3.885584 -6.310535 1.733460 24.830935 -2.731431 0.998797
Car -1 -1 -1.501274 636.305359 179.528168 666.545593 204.342667 1.445550 1.582641 4.202240 2.670105 1.967343 47.698704 -1.445354 0.998662
Car -1 -1 -1.111165 697.801697 179.084625 761.694519 215.084167 1.501886 1.594816 3.967497 6.195200 1.797811 37.017171 -0.945341 0.990152
Car -1 -1 -3.062149 409.314941 179.200134 512.006531 216.019958 1.534850 1.663868 4.248652 -6.444452 1.666693 31.416882 3.018716 0.955033
Car -1 -1 -2.765359 -346.366119 199.589203 148.134827 359.637970 1.457221 1.509918 3.493933 -7.876008 1.882021 8.585048 2.775475 0.830748
