Pedestrian -1 -1 0.807096 18.478415 162.455917 163.329330 417.868011 1.618205 0.556602 0.612382 -3.998771 1.480755 5.523577 0.180479 0.999118
Pedestrian -1 -1 -0.949922 1067.228027 149.365677 1161.804810 322.226715 1.605731 0.615494 0.462990 5.844714 1.420300 8.235187 -0.332699 0.997850
Pedestrian -1 -1 -2.644303 472.754059 161.788147 510.901886 235.141586 1.681539 0.696832 0.725997 -2.772287 1.281952 18.429587 -2.793609 0.994818
Cyclist -1 -1 1.325253 336.817596 166.630539 441.571838 328.821564 1.669486 0.783646 1.790251 -2.790436 1.467106 9.032348 1.025616 0.992791
Pedestrian -1 -1 1.774416 537.571899 156.235947 570.252625 228.183197 1.815440 0.708003 0.909437 -1.244402 1.112594 18.676024 1.707883 0.991425
Pedestrian -1 -1 -1.984471 807.137085 144.617401 874.731873 256.761841 1.760558 0.772157 1.113024 4.033868 1.135336 12.392173 -1.669771 0.990774
Pedestrian -1 -1 2.075867 567.576843 156.123978 615.704041 237.998764 1.791445 0.890299 1.056407 -0.310158 1.132406 18.205865 2.058833 0.986063
Pedestrian -1 -1 -1.678161 614.137146 159.883423 637.694153 207.676437 1.747640 0.725649 0.752966 0.816575 0.800666 25.230231 -1.645808 0.970900
Pedestrian -1 -1 1.837180 503.188141 164.626663 535.153076 230.458847 1.627859 0.663892 0.893417 -2.178542 1.101397 18.991715 1.722969 0.967858
Pedestrian -1 -1 -2.802399 597.795715 160.907227 627.333435 214.804932 1.756493 0.789015 0.868643 0.397277 1.089582 24.951222 -2.786478 0.780667
