Car -1 -1 1.424965 546.103516 184.113754 597.310669 224.844467 1.507447 1.658612 4.030779 -1.382508 1.634043 30.462348 1.379612 0.999072
Pedestrian -1 -1 0.397786 955.231873 161.256805 1063.021729 317.281219 1.695709 0.741539 0.845334 4.892114 1.413231 8.648979 0.912549 0.998360
Pedestrian -1 -1 2.437713 899.132446 161.978058 989.938477 314.931000 1.705489 0.692592 0.851439 4.634224 1.412387 9.851999 2.877388 0.997706
Pedestrian -1 -1 -1.438025 749.539490 172.163727 827.429443 338.287598 1.705081 0.791884 0.997555 2.195228 1.571186 8.586538 -1.187727 0.996305
Pedestrian -1 -1 2.213274 323.055939 177.281586 402.622467 317.830597 1.734292 0.836995 0.643242 -3.296170 1.715588 9.964472 1.893813 0.996098
Pedestrian -1 -1 -1.965592 684.301270 179.870193 739.710327 285.624146 1.672520 0.728035 0.958326 1.811973 1.701121 12.470834 -1.821305 0.992875
Pedestrian -1 -1 1.839645 708.801819 178.071060 769.830200 298.498566 1.686383 0.731772 1.004537 2.325904 1.720829 12.132369 2.029057 0.992033
Pedestrian -1 -1 1.825121 229.506958 178.839249 304.238281 313.679169 1.684900 0.661915 0.801604 -4.697987 1.701098 10.181566 1.392810 0.990587
Pedestrian -1 -1 0.038333 635.226196 172.909012 677.341675 251.897995 1.832090 0.868664 0.891164 1.281812 1.561363 16.285563 0.116879 0.989061
Pedestrian -1 -1 1.857028 665.643494 174.497345 692.628662 236.094193 1.764052 0.759619 0.893187 2.629776 1.597643 23.792494 1.967110 0.917962
Pedestrian -1 -1 2.951229 789.600586 174.787369 833.791443 260.562012 1.695914 0.646313 0.774988 4.531610 1.393567 15.577290 -3.048859 0.844834
