Car -1 -1 -0.901066 820.178406 190.111557 1054.487427 283.575134 1.443868 1.576292 3.782381 6.281664 1.841765 13.451078 -0.464165 0.999756
Car -1 -1 -1.678446 632.666626 181.000549 687.844849 223.769165 1.394920 1.613036 4.183070 1.997855 1.838134 28.988137 -1.609635 0.999526
Car -1 -1 2.787609 889.927429 185.531937 1297.218384 322.643097 1.521093 1.568876 3.767022 5.562275 1.623311 8.970330 -2.940526 0.997925
Cyclist -1 -1 1.714518 453.533600 179.716888 489.121429 252.130493 1.590174 0.565325 1.786509 -3.087341 1.662468 16.062754 1.524629 0.996886
Car -1 -1 2.479930 275.339264 181.538696 448.177246 236.827255 1.475372 1.671475 4.406765 -6.862145 1.577839 20.472216 2.156506 0.995038
Car -1 -1 -2.720372 -372.840790 181.723404 209.068314 359.806580 1.623105 1.626460 3.889023 -6.717547 1.755336 7.683187 2.844370 0.991208
Car -1 -1 0.610980 -0.765793 166.308823 283.212585 293.184601 1.756565 1.602426 3.582763 -7.298317 1.759591 11.430644 0.042741 0.988493
Car -1 -1 -1.756532 616.374023 176.628769 649.202637 204.350250 1.441959 1.591782 3.846018 1.162232 1.787742 43.860913 -1.730041 0.981799
Car -1 -1 1.755863 473.690674 176.767334 509.927582 206.009140 1.569946 1.705395 3.780394 -7.039731 1.881994 43.738290 1.596280 0.972928
Car -1 -1 -0.930232 793.146179 172.737976 918.740295 246.272034 1.808804 1.650658 4.055632 6.810206 1.750110 20.524565 -0.609856 0.922033
Car -1 -1 -0.347965 1071.480591 196.988220 1557.309204 387.652252 1.520783 1.541050 3.145775 6.876285 1.847840 7.528329 0.392198 0.885784
