Pedestrian -1 -1 -1.836803 648.442261 156.486313 748.337280 322.751862 1.779761 0.964803 0.932949 1.086681 1.454380 8.603745 -1.711165 0.998409
Pedestrian -1 -1 -1.740950 599.147278 164.081787 680.025635 325.781952 1.741677 0.836994 0.815665 0.390693 1.574349 8.641141 -1.695768 0.998257
Car -1 -1 1.783927 478.883514 169.148224 523.445496 209.747513 2.071083 1.792019 4.474778 -5.201784 1.472600 38.896012 1.650980 0.998031
Pedestrian -1 -1 -0.341245 172.306824 161.465958 290.729431 339.610321 1.766413 0.905977 0.945883 -4.491649 1.460058 8.571361 -0.823931 0.997706
Cyclist -1 -1 2.009109 328.334717 170.862534 430.631531 347.157532 1.731708 0.694418 1.835642 -2.686234 1.642654 9.069524 1.721158 0.994464
Pedestrian -1 -1 -2.098312 741.658691 165.990753 775.222412 237.218323 1.688069 0.660498 0.763289 4.053901 1.315901 18.958611 -1.887655 0.990589
Cyclist -1 -1 1.419246 414.326660 164.799240 469.587524 269.721893 1.788518 0.646868 1.986693 -2.911848 1.396212 12.750447 1.194724 0.986564
Pedestrian -1 -1 -1.222735 713.738281 163.051025 748.666443 232.282730 1.751349 0.724692 0.815044 3.463861 1.145733 19.410616 -1.046142 0.964932
Pedestrian -1 -1 0.255533 -166.870178 165.487274 113.737892 526.239075 1.689469 0.657975 0.917717 -3.614406 1.520761 4.344699 -0.438366 0.950129
Cyclist -1 -1 1.856143 375.519104 164.857590 461.505951 308.918732 1.789342 0.671138 1.974301 -2.493898 1.573274 9.941851 1.610366 0.781826
