Pedestrian -1 -1 -1.077689 966.242798 158.869019 1090.227539 336.143036 1.662432 0.945254 0.490299 4.900763 1.503478 8.412091 -0.550173 0.999664
Pedestrian -1 -1 -0.106946 414.137238 171.771164 448.250183 248.445511 1.804345 0.675959 0.756807 -4.585044 1.480955 18.965891 -0.344146 0.994932
Pedestrian -1 -1 -2.740042 374.595642 170.573700 428.955811 282.363464 1.761578 0.659038 0.752582 -3.505099 1.576290 12.562557 -3.012134 0.988737
Pedestrian -1 -1 0.352318 510.532104 174.337936 542.278442 235.706848 1.656090 0.747001 0.711408 -2.007107 1.369737 19.697375 0.250771 0.986183
Pedestrian -1 -1 1.155714 669.198364 176.451309 701.498596 225.219864 1.527593 0.844403 0.695511 2.726922 1.401219 23.814074 1.269727 0.981148
Pedestrian -1 -1 0.015996 621.976624 171.796661 647.626648 216.633606 1.685730 0.833268 0.981126 1.206863 1.182453 25.672587 0.062971 0.949171
Pedestrian -1 -1 -2.971184 565.163025 173.491684 591.809631 222.491440 1.746627 0.842495 0.812601 -0.833318 1.301701 25.529181 -3.003814 0.932407
Pedestrian -1 -1 -2.919001 254.183929 146.377365 320.798492 289.135620 1.915256 0.637270 0.722743 -4.564413 1.400159 10.330465 2.948137 0.922144
Pedestrian -1 -1 -1.148018 646.929993 168.220428 672.069092 208.400894 1.731732 0.807986 0.764150 2.514352 1.169002 31.043152 -1.067199 0.841267
Pedestrian -1 -1 -1.357381 633.229492 169.768097 659.427368 213.204849 1.736380 0.814245 0.896265 1.915485 1.219827 29.906863 -1.293420 0.788282
