Car -1 -1 1.556612 380.603729 150.239960 478.419647 233.074142 2.212232 2.000074 4.678977 -4.145898 1.240907 17.134698 1.319216 0.999705
Pedestrian -1 -1 -2.828951 1054.620728 142.871826 1214.048584 355.830505 1.804823 0.751756 0.993896 5.239080 1.282122 7.078250 -2.191773 0.999552
Car -1 -1 1.653582 513.523987 164.003021 564.167419 214.377304 1.728645 1.736272 4.240330 -2.437217 1.153964 29.029019 1.569820 0.999023
Pedestrian -1 -1 -2.114221 679.588867 158.816299 757.293762 302.474487 1.721871 0.733181 0.903544 1.585818 1.393699 10.001279 -1.956969 0.998591
Pedestrian -1 -1 2.864755 264.642029 169.452850 340.790131 297.939423 1.713573 0.664891 0.804438 -4.373145 1.560964 10.331334 2.464334 0.998240
Pedestrian -1 -1 -0.994481 746.113281 144.440094 837.677979 301.978394 1.802611 0.873144 1.015831 2.567656 1.408778 9.964175 -0.742279 0.998119
Pedestrian -1 -1 -2.507752 985.913513 139.511749 1077.669434 281.012299 1.820204 0.686665 0.910897 6.954802 1.181354 11.593375 -1.967410 0.996414
Pedestrian -1 -1 -1.312583 192.893173 165.260498 254.597717 282.940857 1.808527 0.711357 0.837261 -6.540655 1.575570 12.452322 -1.796230 0.995394
Pedestrian -1 -1 2.245462 226.842911 169.178253 305.677002 303.245941 1.732868 0.680336 0.913624 -4.812754 1.570106 10.346091 1.810060 0.993901
Pedestrian -1 -1 -1.275339 711.232239 155.270554 788.117615 286.718597 1.749675 0.813159 0.925127 2.140156 1.279944 10.406116 -1.072504 0.990918
Pedestrian -1 -1 -1.941978 599.644470 163.124985 640.740112 236.280869 1.720262 0.736853 0.892195 0.353029 1.319455 18.560498 -1.922960 0.990223
Pedestrian -1 -1 1.979620 1131.818115 131.590500 1231.796143 318.509888 1.745173 0.622062 0.611420 6.745733 1.284416 8.345629 2.659399 0.983452
