Pedestrian -1 -1 2.222006 271.916779 152.599945 382.218872 375.808868 1.819049 0.732399 0.853857 -2.692617 1.591653 7.098578 1.859455 0.998521
Pedestrian -1 -1 -2.964758 973.695557 129.764313 1129.424805 368.920074 1.794692 0.767773 0.994948 5.026763 1.531009 7.806699 -2.392680 0.998069
Pedestrian -1 -1 1.359614 895.594727 120.239670 1039.605713 391.659912 1.928920 0.709623 0.883534 2.639727 1.197304 5.306631 1.821211 0.997055
Pedestrian -1 -1 -1.364863 597.226624 163.177612 691.719238 305.448700 1.742834 0.921531 0.977659 0.528882 1.442850 8.766974 -1.304609 0.996659
Cyclist -1 -1 1.716173 403.366394 175.606430 481.753143 336.190979 1.657051 0.635827 1.989287 -1.895787 1.667186 8.623683 1.499780 0.991441
Pedestrian -1 -1 -1.360158 576.776062 167.408112 604.165161 227.203857 1.704093 0.730929 0.869100 -0.381510 1.211251 22.984538 -1.376755 0.989229
Pedestrian -1 -1 -1.453309 548.560547 165.851974 577.899231 231.023483 1.752925 0.771195 0.937809 -1.012463 1.160550 19.451541 -1.505312 0.986020
Pedestrian -1 -1 1.946432 468.485962 170.645355 494.330322 227.050476 1.748839 0.670171 0.867076 -3.877272 1.261370 23.420895 1.782372 0.945755
Pedestrian -1 -1 -1.358948 513.993652 165.876450 539.883484 222.317734 1.836069 0.821484 1.064820 -2.490230 1.232812 24.600812 -1.459830 0.926857
Pedestrian -1 -1 -1.349464 597.675720 168.206100 624.180969 223.480835 1.681730 0.740447 0.880991 0.330896 1.181749 23.641907 -1.335469 0.876484
Pedestrian -1 -1 -1.649463 497.135651 168.951218 520.496582 221.419632 1.796678 0.735582 0.954054 -3.234345 1.250975 24.795836 -1.779170 0.827594
Pedestrian -1 -1 1.665112 484.838989 169.847153 507.497803 222.845871 1.775374 0.669411 0.890019 -3.580499 1.260023 24.363566 1.519195 0.795405
Cyclist -1 -1 0.437967 838.610413 81.004066 1118.353882 450.990387 1.926780 0.547036 1.494562 2.753680 1.625623 5.265726 0.919801 0.773328
