Pedestrian -1 -1 2.378384 845.163208 139.761459 992.831055 374.723511 1.771580 0.722801 0.848136 3.094214 1.529486 7.061421 2.791370 0.999572
Pedestrian -1 -1 -0.640048 708.570129 145.594986 784.075134 306.649811 1.717327 0.534906 0.776489 1.881520 1.485726 9.657204 -0.447628 0.998932
Pedestrian -1 -1 0.696335 766.130371 144.556900 889.966064 362.659607 1.757119 0.712929 0.825957 2.178842 1.444661 7.062063 0.995597 0.998929
Pedestrian -1 -1 0.603729 1043.349365 137.753830 1232.536621 419.374908 1.733655 0.640643 0.881039 4.157880 1.453850 5.564101 1.245480 0.998828
Pedestrian -1 -1 2.747419 664.008179 158.868256 742.008728 322.581696 1.666870 0.599776 0.749891 1.098445 1.405518 8.455995 2.876597 0.998208
Pedestrian -1 -1 1.792340 528.137939 150.530945 609.046875 359.632019 1.754351 0.633270 0.884960 -0.375330 1.592341 6.936981 1.738287 0.997865
Pedestrian -1 -1 1.180975 576.054871 150.340424 652.643005 339.840210 1.689608 0.579195 0.915884 0.014628 1.511641 8.345168 1.182728 0.997299
Pedestrian -1 -1 0.153224 246.623154 133.656311 309.734680 260.008240 1.937582 0.679153 0.821887 -5.703471 1.215577 12.393739 -0.278071 0.996722
Pedestrian -1 -1 -1.108898 613.608032 144.479797 688.968201 324.673584 1.750439 0.536041 0.879681 0.515646 1.492088 8.306811 -1.046902 0.995610
Pedestrian -1 -1 -2.875588 513.260498 142.968323 557.709778 244.406998 1.738701 0.644577 0.684238 -1.374925 0.874388 13.848448 -2.974547 0.984756
Pedestrian -1 -1 0.513253 1139.326538 163.727936 1268.772217 377.092438 1.636044 0.443566 0.781013 5.844358 1.564524 6.940087 1.213152 0.941340
Pedestrian -1 -1 -0.349580 296.828278 142.656723 336.302734 219.093430 1.786344 0.613014 0.824814 -7.609918 0.775880 18.600217 -0.737933 0.932559
Pedestrian -1 -1 1.145125 748.706604 146.641891 837.624939 312.461365 1.702917 0.628799 0.806814 2.083979 1.215082 8.292563 1.391333 0.913204
Pedestrian -1 -1 -0.352618 509.091034 142.333176 577.568970 313.308167 1.758076 0.621916 0.718731 -0.851010 1.343132 8.753916 -0.449528 0.757306
