Car -1 -1 -2.200578 -51.427670 209.581863 276.569000 370.908691 1.412248 1.599100 3.730342 -6.393952 2.012495 9.262086 -2.804788 0.999922
Car -1 -1 1.196789 216.941666 197.688324 373.153717 291.674896 1.454811 1.517697 3.370521 -6.103272 2.060219 13.613229 0.775321 0.999830
Car -1 -1 1.934057 334.849030 193.670395 440.677124 254.720078 1.407904 1.593896 3.888634 -6.111626 2.102577 20.260859 1.641089 0.999811
Car -1 -1 -1.694041 683.971313 174.237900 753.686584 229.465714 1.522784 1.615669 3.768562 3.579844 1.674569 23.854104 -1.545080 0.999567
Car -1 -1 1.837940 418.855194 187.859268 490.184601 231.498810 1.428521 1.587757 4.096839 -6.458988 2.026230 29.546588 1.622722 0.999085
Car -1 -1 2.344129 918.986267 142.064148 1146.891235 222.818756 1.643743 1.618261 4.114898 8.065439 0.867977 14.088517 2.864070 0.996550
Car -1 -1 1.802341 490.386566 183.667465 533.121399 212.986404 1.534843 1.636131 3.938891 -5.993106 2.111037 43.737935 1.666166 0.995690
Car -1 -1 2.411044 796.095825 157.694122 923.029968 205.069931 1.608245 1.674507 4.042225 8.649056 1.028265 25.063657 2.743332 0.995508
Car -1 -1 2.998521 846.430420 155.455109 981.511475 206.448013 1.666285 1.682155 4.048489 10.218728 1.038423 24.670567 -2.891971 0.988448
Car -1 -1 1.893039 455.110291 185.092941 509.582306 221.125061 1.514497 1.663229 4.050363 -6.356719 2.265409 36.599526 1.721071 0.909364
Car -1 -1 -1.837380 668.621887 177.235764 717.813232 217.948044 1.550300 1.677912 3.655208 3.716425 1.740493 34.402947 -1.729771 0.808140
Car -1 -1 -1.701132 655.446106 179.171127 693.053894 211.245804 1.472776 1.702487 3.541292 3.554492 1.855505 41.178803 -1.615027 0.775286
