Car -1 -1 1.067370 230.060623 191.150330 419.534546 292.647278 1.386098 1.640179 4.143538 -5.342106 1.818796 13.423376 0.688614 0.999957
Car -1 -1 2.396159 -103.606003 195.889771 315.755371 401.793701 1.439939 1.585683 3.755150 -5.198967 1.924957 7.953747 1.817222 0.999907
Car -1 -1 -1.968541 808.837830 186.746292 1166.593750 385.340851 1.484492 1.642187 4.051997 3.836199 1.952704 8.035895 -1.523151 0.999895
Car -1 -1 -1.761342 744.458191 184.089020 899.657898 284.693604 1.454543 1.584405 3.859112 3.953313 1.830718 13.461274 -1.475693 0.999883
Car -1 -1 -1.221767 718.532043 181.503387 807.308533 246.708160 1.457652 1.583214 3.758985 4.956753 1.995343 23.171731 -1.011029 0.998873
Car -1 -1 1.801385 466.011597 179.927261 522.211853 221.174393 1.465989 1.560666 3.649918 -4.694937 1.872304 29.699750 1.644602 0.998241
Car -1 -1 -1.819310 695.727600 182.245316 756.132263 227.589218 1.432019 1.602387 3.846152 4.473171 1.921462 29.071215 -1.666638 0.992894
Car -1 -1 1.452809 489.513214 179.522522 538.753113 213.646332 1.484115 1.575355 3.748355 -4.702694 1.790214 36.744332 1.325516 0.974171
Car -1 -1 -3.080216 1068.752075 177.183014 1201.211182 228.320938 1.438508 1.581383 3.549382 17.474904 1.657023 23.964804 -2.450166 0.971455
Car -1 -1 -0.894104 1157.702148 176.120941 1289.120728 223.059631 1.464149 1.627858 3.475407 21.331283 1.676143 25.152768 -0.190732 0.798438
