Pedestrian -1 -1 0.277793 1044.131104 140.204727 1228.334717 403.595703 1.792145 0.657536 0.932828 4.147516 1.477179 5.601325 0.915155 0.999146
Car -1 -1 1.334793 543.299866 169.853683 597.215942 212.231979 1.535649 1.660825 4.100283 -1.565924 1.181972 34.397744 1.289300 0.998935
Pedestrian -1 -1 2.665888 75.728500 157.761154 208.812332 350.956970 1.745187 0.728260 0.927803 -4.622097 1.442805 7.212695 2.095988 0.998252
Pedestrian -1 -1 1.826661 228.445938 159.094193 333.582245 357.120758 1.800598 0.755421 0.748245 -3.205120 1.569281 7.199964 1.407841 0.998223
Pedestrian -1 -1 -1.170545 787.731323 164.439468 894.386230 359.926666 1.702756 0.770720 0.975003 2.277693 1.514486 7.089392 -0.859680 0.996575
Pedestrian -1 -1 -1.668001 724.726074 169.916763 784.687500 299.484467 1.688291 0.703598 0.925234 2.109707 1.532127 10.118304 -1.462442 0.995489
Pedestrian -1 -1 -1.963102 619.900146 159.918503 663.720520 238.806320 1.880225 0.842140 0.975695 0.940361 1.400921 18.715916 -1.912900 0.992434
Pedestrian -1 -1 0.080614 1127.899292 141.230011 1306.298218 403.673248 1.792152 0.715933 1.038993 4.785523 1.545908 5.606633 0.787164 0.992284
Pedestrian -1 -1 -1.881987 692.520203 168.768707 750.485291 285.965637 1.681308 0.736832 0.952046 1.957856 1.656135 12.173185 -1.722519 0.991760
Pedestrian -1 -1 -1.288563 655.869141 162.701462 686.163635 225.679504 1.780290 0.766215 0.946096 2.270419 1.204450 23.400929 -1.191843 0.924954
Pedestrian -1 -1 -2.081891 772.368591 169.756561 845.987061 307.653442 1.684271 0.694088 0.950040 2.904742 1.481939 10.486481 -1.811668 0.816651
