Pedestrian -1 -1 0.602360 690.381653 141.858337 796.596619 335.537842 1.782214 0.602343 0.926928 1.620669 1.443779 8.379490 0.793410 0.999580
Pedestrian -1 -1 2.342194 761.878662 139.098694 872.367615 319.954071 1.809481 0.776788 0.800876 2.483950 1.431978 8.458617 2.627823 0.999564
Pedestrian -1 -1 0.084640 584.510254 139.234192 621.629150 221.694229 1.803980 0.593450 0.774054 -0.020080 0.792256 17.685962 0.083504 0.992475
Pedestrian -1 -1 1.128115 473.051178 142.704849 509.691162 218.371597 1.793363 0.628599 0.905168 -2.942145 0.782218 18.144267 0.967361 0.991906
Pedestrian -1 -1 1.292158 541.717590 141.087494 583.727722 227.808624 1.813298 0.639037 0.969177 -0.979473 0.961626 15.277244 1.228133 0.989681
Pedestrian -1 -1 1.859995 264.325256 134.810669 319.711945 245.688385 1.936517 0.736795 0.671042 -5.789642 1.176430 13.069675 1.442992 0.986525
Pedestrian -1 -1 1.827630 504.311859 142.793869 541.979492 221.794464 1.774596 0.653381 0.923794 -2.052032 0.793137 17.872296 1.713314 0.985578
Pedestrian -1 -1 1.908402 449.199158 143.258774 485.726471 218.332520 1.783867 0.647131 0.942914 -3.590625 0.774225 18.372329 1.715398 0.985438
Pedestrian -1 -1 -0.727248 673.776306 145.878845 701.834351 205.491653 1.722414 0.518214 0.585489 2.574080 0.668203 22.182693 -0.611724 0.971420
Pedestrian -1 -1 1.992484 424.038513 143.267883 463.362427 216.536087 1.786997 0.643098 0.979879 -4.244427 0.764954 18.555873 1.767615 0.949866
Pedestrian -1 -1 3.017442 566.618713 141.027710 603.130066 221.468140 1.792300 0.600443 0.875111 -0.570107 0.782823 18.375640 2.986427 0.946672
Pedestrian -1 -1 1.201429 241.563858 141.774338 279.260132 209.331223 1.856432 0.726795 0.864025 -10.010118 0.721286 20.475820 0.746721 0.762654
