Pedestrian -1 -1 -1.167764 568.954651 140.284821 640.189819 281.850830 1.826575 0.638212 0.994240 -0.020351 1.259532 9.953336 -1.169809 0.998740
Pedestrian -1 -1 1.154478 645.658081 139.472153 717.241821 273.722168 1.794598 0.670317 0.827875 0.989793 1.235404 9.995003 1.253185 0.998303
Pedestrian -1 -1 -2.036215 267.692078 135.677460 327.845093 258.753448 1.917965 0.674890 0.736050 -5.465973 1.207791 12.428610 -2.450546 0.990589
Pedestrian -1 -1 2.198571 614.716309 141.317871 685.431519 274.783203 1.831497 0.700393 0.923055 0.751741 1.204386 11.819768 2.262086 0.988874
Pedestrian -1 -1 1.233392 485.396393 144.920792 517.815063 213.637604 1.750102 0.637698 0.898983 -2.718600 0.745674 18.522986 1.087663 0.986996
Pedestrian -1 -1 1.285466 463.649200 143.048981 496.939209 210.297867 1.809077 0.658718 0.938689 -3.416541 0.734412 19.159062 1.108996 0.981578
Pedestrian -1 -1 0.639250 1078.066772 165.708755 1333.482300 536.501160 1.630992 0.722524 0.848366 3.543519 1.587151 4.344317 1.323471 0.979979
Pedestrian -1 -1 1.907335 545.449829 140.584000 579.125366 211.685486 1.833201 0.655392 0.941071 -1.172372 0.745918 18.592233 1.844361 0.979424
Pedestrian -1 -1 1.393814 512.796387 141.174347 546.869995 211.948166 1.786834 0.660677 0.997440 -2.067900 0.732259 18.681832 1.283573 0.977206
Pedestrian -1 -1 0.042017 391.945587 141.502960 441.199310 216.756363 1.874034 0.660261 1.036870 -4.555926 0.951616 17.238164 -0.216368 0.892421
Pedestrian -1 -1 0.706473 1063.706543 165.089905 1200.302246 469.121674 1.588784 0.422222 0.440907 3.541268 1.625356 4.908435 1.331461 0.853945
Pedestrian -1 -1 2.956705 428.846008 142.696945 465.467987 210.647919 1.738196 0.569357 1.044967 -5.009520 0.695204 22.143004 2.734216 0.825995
