Car -1 -1 1.487868 535.653198 179.888672 575.646179 212.012039 1.531373 1.684643 4.159542 -2.438741 1.388653 38.215390 1.424139 0.998830
Pedestrian -1 -1 -2.913288 703.491699 164.656952 745.659058 242.349014 1.775206 0.736801 0.949620 3.206159 1.379809 18.413359 -2.740895 0.995870
Pedestrian -1 -1 -2.974338 732.674133 166.820602 771.354370 232.761948 1.685760 0.705342 0.944360 4.000448 1.312944 19.098534 -2.767859 0.994854
Pedestrian -1 -1 1.433507 424.624023 174.265808 463.625702 244.055634 1.782645 0.764518 0.811763 -4.253673 1.472986 18.931594 1.212491 0.993097
Pedestrian -1 -1 -1.633804 628.758606 169.563660 675.299988 267.678101 1.750563 0.757175 0.994021 0.836289 1.551970 13.044821 -1.569783 0.992222
Pedestrian -1 -1 -1.300215 670.614441 169.140244 712.175903 267.905975 1.708549 0.690898 0.880737 1.866120 1.498899 14.692049 -1.173876 0.990633
Pedestrian -1 -1 -1.439454 606.742981 169.916519 638.859375 235.969803 1.861104 0.833066 1.016398 0.611820 1.451992 20.428982 -1.409514 0.987694
Pedestrian -1 -1 3.079734 399.367279 174.385605 435.256104 241.985641 1.757022 0.711168 0.876540 -4.960505 1.454398 19.118386 2.825870 0.984945
Pedestrian -1 -1 -1.183691 687.444092 166.726730 728.618958 252.713287 1.737394 0.751517 0.931698 2.635775 1.402614 18.045447 -1.038654 0.935304
Pedestrian -1 -1 -1.554438 650.534241 169.921722 692.595947 269.141449 1.733785 0.723287 0.998588 1.214977 1.424602 12.788317 -1.459715 0.841522
Pedestrian -1 -1 -1.949005 619.546204 171.517578 655.838867 242.997482 1.817839 0.825324 1.022291 1.100394 1.573168 22.737433 -1.900647 0.801942
