Car -1 -1 -1.088210 813.249329 192.721710 1005.985046 278.039185 1.429021 1.597494 3.472369 6.012410 1.876148 13.921462 -0.680526 0.999385
Car -1 -1 2.621024 391.282990 187.782150 500.684296 224.582947 1.484416 1.662990 4.117511 -6.955210 2.076348 31.135127 2.401244 0.999140
Car -1 -1 -1.009824 895.514160 194.201172 1094.094482 291.599854 1.455645 1.567168 3.459043 7.350528 2.051055 13.676362 -0.516658 0.999103
Car -1 -1 -1.719915 634.727844 188.005157 674.944153 219.532104 1.405714 1.596446 4.194874 2.139616 2.253301 37.351800 -1.662695 0.998983
Car -1 -1 -2.271592 17.571609 195.128830 348.734619 311.334290 1.431697 1.624750 4.007133 -6.896076 1.807665 11.108341 -2.827167 0.998968
Car -1 -1 0.991459 727.060242 185.321838 852.236633 239.327118 1.547139 1.598060 3.988902 5.151164 1.940984 21.633317 1.225218 0.998758
Car -1 -1 2.333154 761.621033 188.435287 919.913391 252.132126 1.456813 1.594909 4.017443 6.354840 1.876715 19.629916 2.646239 0.996682
Car -1 -1 -2.264936 240.651688 177.691101 417.447083 253.455673 1.608345 1.681191 3.856793 -6.533793 1.715326 16.571433 -2.640502 0.993205
Car -1 -1 -2.360896 -286.306763 190.500473 145.694550 389.089478 1.458112 1.573367 3.869915 -6.881712 1.865123 7.773245 -3.085535 0.992822
Cyclist -1 -1 1.372819 527.382996 184.238037 548.586609 227.578873 1.652684 0.566812 1.796125 -2.772714 1.944239 26.491685 1.268535 0.972620
Car -1 -1 -1.098149 -102.559875 194.154160 216.080887 344.260559 1.439889 1.524016 3.486344 -6.658780 1.744735 8.981381 -1.736122 0.921885
