Pedestrian -1 -1 -1.051238 860.169922 126.429474 1008.114685 402.153564 1.815841 0.705000 0.955124 2.493043 1.470039 5.508191 -0.626219 0.999407
Pedestrian -1 -1 -0.409294 673.717590 142.841782 752.392700 279.301758 1.780645 0.750592 0.876688 1.476416 1.367128 10.066627 -0.263668 0.998569
Pedestrian -1 -1 2.234894 766.640442 136.556641 910.113831 407.206116 1.799334 0.625254 0.923802 1.765126 1.540991 5.497357 2.545582 0.998520
Pedestrian -1 -1 -0.055530 636.372742 142.512192 711.899658 277.149017 1.802485 0.764365 1.054354 0.840317 1.248467 10.095771 0.027513 0.997522
Pedestrian -1 -1 0.967465 579.973999 142.941818 641.109863 265.567932 1.712076 0.588943 0.853267 0.014345 1.133554 11.824501 0.968678 0.997250
Pedestrian -1 -1 0.199699 247.619736 136.618149 307.766937 257.733612 1.897470 0.727944 0.723914 -5.688929 1.201170 12.347251 -0.232054 0.996703
Pedestrian -1 -1 1.089036 758.651367 142.497513 830.354675 270.953186 1.744707 0.616306 0.946263 2.653927 1.195826 10.168807 1.344328 0.996392
Pedestrian -1 -1 1.997442 539.181763 141.228409 593.276489 265.791168 1.739736 0.515667 0.809743 -0.609917 1.141577 11.556108 1.944712 0.995562
Pedestrian -1 -1 -1.178303 509.648895 149.785507 561.754761 265.704041 1.633886 0.537562 0.890050 -1.166664 1.116167 11.682884 -1.277834 0.993488
Pedestrian -1 -1 2.187666 480.939178 142.949738 534.993225 273.316620 1.734387 0.560099 0.925065 -1.682882 1.284360 11.592736 2.043506 0.992345
Pedestrian -1 -1 1.956077 1026.113770 177.256577 1079.001465 252.261459 1.731108 0.572855 0.952989 10.400456 1.555729 16.346869 2.522715 0.990724
Pedestrian -1 -1 -1.259226 460.825989 143.046265 495.879761 223.077896 1.729810 0.606278 0.810019 -3.174044 0.782921 17.682208 -1.436839 0.981335
Pedestrian -1 -1 2.017311 604.657837 141.356537 672.393982 265.064331 1.822651 0.743666 0.961534 0.570022 1.176437 12.018496 2.064705 0.952636
Pedestrian -1 -1 1.334555 561.401611 141.405823 612.391724 246.681183 1.822403 0.671561 0.991448 -0.379708 0.873991 12.419416 1.303991 0.927633
Pedestrian -1 -1 0.085630 620.413757 142.033707 659.571716 223.455658 1.734152 0.654273 0.903565 0.896248 0.762623 18.157924 0.134949 0.899058
Cyclist -1 -1 2.782166 360.395813 144.620712 409.736084 199.536484 1.745405 0.518437 1.341113 -8.327132 0.367974 26.824500 2.481168 0.769367
Pedestrian -1 -1 2.404313 274.073059 137.510406 331.110321 241.959503 1.922097 0.658581 0.688908 -6.414970 1.064402 14.991970 1.999994 0.754080
