Car -1 -1 1.424771 361.473297 163.732895 478.667053 261.899841 2.162486 1.872414 4.480155 -4.333838 1.746972 16.793191 1.172211 0.999894
Pedestrian -1 -1 -2.953042 1006.807251 139.538742 1151.335938 340.830505 1.791224 0.730153 0.958488 5.447040 1.419421 8.036501 -2.357380 0.998920
Pedestrian -1 -1 -2.785322 105.301010 168.461731 266.636292 429.073822 1.696138 0.737569 0.881837 -3.243228 1.498322 5.613721 2.973978 0.998598
Pedestrian -1 -1 0.829802 754.338074 158.722687 851.417664 302.680328 1.771395 0.864577 0.999706 2.777810 1.430697 10.133364 1.097355 0.996317
Pedestrian -1 -1 2.547727 239.734848 181.041290 306.933685 303.823730 1.750154 0.754953 0.786554 -5.567563 1.896547 12.158266 2.118303 0.996163
Pedestrian -1 -1 1.170358 614.433411 172.997131 646.164978 231.091904 1.769055 0.807783 0.736749 0.841868 1.534893 23.595858 1.206021 0.994192
Pedestrian -1 -1 1.850887 503.208252 175.786743 535.538513 233.012390 1.766778 0.749950 0.813089 -2.382536 1.447646 20.764285 1.736645 0.989821
Pedestrian -1 -1 -1.227262 587.108032 175.410721 617.981567 233.421860 1.742652 0.806372 0.827340 0.001801 1.555652 23.543624 -1.227185 0.989753
Pedestrian -1 -1 -0.573942 340.329224 186.280563 377.184814 254.944138 1.628232 0.674982 0.591687 -6.553330 1.718401 19.190247 -0.903018 0.982863
Pedestrian -1 -1 0.905090 712.165894 191.597946 751.921448 254.421600 1.532168 0.693230 0.757733 3.422393 1.850098 19.100833 1.082384 0.798515
