Car -1 -1 -0.996290 747.965088 156.882446 1070.386353 375.017761 1.750757 1.697629 4.277593 3.208009 1.712439 8.076490 -0.618197 0.999925
Car -1 -1 -1.893868 684.052612 172.106598 768.421692 237.686462 1.541039 1.604880 3.819446 3.490168 1.680295 22.967959 -1.743063 0.999868
Car -1 -1 -1.102912 709.379272 176.778168 847.237122 270.137421 1.525146 1.615543 3.770900 3.676305 1.840597 15.961684 -0.876539 0.999797
Car -1 -1 -2.252255 149.196457 173.991577 363.127441 267.979736 1.555161 1.626727 3.675506 -6.802380 1.674528 13.672430 -2.713921 0.999526
Car -1 -1 -1.483106 654.250793 171.286728 699.837036 207.739777 1.437163 1.591715 3.573974 3.092179 1.535001 34.903691 -1.394745 0.998641
Car -1 -1 -0.838517 353.561005 174.049377 463.640320 226.936005 1.546863 1.665099 3.836579 -6.793055 1.683075 24.022643 -1.114099 0.995266
Car -1 -1 3.077578 427.041962 164.825058 523.459229 202.891159 1.687835 1.699282 4.140830 -6.022279 1.192435 31.897301 2.890972 0.988690
Car -1 -1 -0.578195 233.142868 168.932358 441.064606 254.975937 1.656916 1.821468 3.939857 -5.894843 1.491851 15.804653 -0.935195 0.980870
Car -1 -1 -1.677749 639.184082 168.693619 668.654175 196.176987 1.569013 1.569825 3.627769 2.565272 1.275028 44.479890 -1.620140 0.967668
Car -1 -1 -0.106451 36.935829 183.597626 278.798096 290.050873 1.370409 1.530882 3.633422 -8.242214 1.757590 13.198669 -0.664671 0.930555
Car -1 -1 0.796016 -375.998871 185.284348 199.821976 429.370697 1.566121 1.513751 3.883542 -5.381213 1.766517 5.980289 0.063298 0.753036
