Car -1 -1 1.767733 492.133972 174.280350 568.101196 234.802292 1.525029 1.614416 4.233160 -2.226807 1.388209 23.130810 1.671759 0.999534
Pedestrian -1 -1 2.425353 893.633789 145.330414 1126.107422 479.756165 1.786917 0.760885 1.068528 3.039385 1.649351 5.420580 2.936384 0.998745
Pedestrian -1 -1 -2.708045 867.341187 153.964478 1001.638123 405.535309 1.698735 0.621631 0.795393 2.459171 1.433409 5.491358 -2.287001 0.998200
Pedestrian -1 -1 -2.096063 720.118164 164.533615 822.427429 350.756927 1.679006 0.676955 1.014924 1.868870 1.540915 8.357586 -1.876069 0.997814
Pedestrian -1 -1 -1.195453 544.870483 164.060547 626.803894 318.198395 1.711423 0.829637 0.930207 -0.205833 1.542500 9.963356 -1.216109 0.996510
Pedestrian -1 -1 -3.065118 769.356995 160.264862 857.509399 333.967773 1.759184 0.736488 0.816984 2.537233 1.471486 8.442501 -2.773174 0.995968
Pedestrian -1 -1 -1.341580 645.981445 162.625458 713.423096 278.431061 1.749806 0.736313 1.057936 1.163742 1.293286 10.697877 -1.233223 0.994671
Pedestrian -1 -1 3.019629 688.127747 160.533829 754.578491 270.786194 1.760314 0.718955 1.036273 2.013925 1.374649 12.492440 -3.103720 0.994656
Pedestrian -1 -1 -1.986187 607.117493 163.706100 638.400696 217.514450 1.754009 0.799786 1.027644 0.736124 1.122125 24.193268 -1.955770 0.944691
Pedestrian -1 -1 -1.276840 408.108978 159.410843 466.247498 265.062836 1.847334 0.780839 0.959983 -2.951307 1.418335 12.833228 -1.502884 0.916613
Pedestrian -1 -1 -2.171063 622.166016 164.388336 650.788269 214.499435 1.746839 0.772650 0.868676 1.344843 1.168141 27.757544 -2.122651 0.889067
Pedestrian -1 -1 -2.818449 635.167969 162.281616 659.982544 210.649673 1.750901 0.763177 0.731926 1.790294 0.897880 27.902997 -2.754375 0.794728
