Pedestrian -1 -1 0.604288 727.061157 139.170914 812.600281 298.765686 1.801855 0.604527 0.917538 2.242930 1.400494 9.836971 0.828465 0.999058
Pedestrian -1 -1 2.621021 675.133911 151.201141 754.305969 302.497833 1.699459 0.615218 0.873702 1.443410 1.367960 9.843515 2.766619 0.999049
Pedestrian -1 -1 0.629907 1092.523315 156.089066 1278.844604 489.897003 1.700337 0.631781 0.802716 4.387166 1.631684 5.402571 1.311954 0.998917
Pedestrian -1 -1 0.723783 471.011230 163.765244 608.370239 442.788452 1.629763 0.581081 0.728739 -0.552199 1.462884 5.342600 0.620791 0.998556
Pedestrian -1 -1 0.667835 950.482544 131.168198 1114.341064 467.568604 1.771069 0.601444 0.692750 3.100609 1.507041 5.176244 1.207524 0.998273
Pedestrian -1 -1 1.395427 231.698715 132.948547 297.562714 270.484436 1.966380 0.701798 0.664468 -5.049700 1.189654 10.312044 0.940062 0.997717
Pedestrian -1 -1 1.161447 565.717651 145.435776 635.406494 311.016937 1.732778 0.597242 0.816016 -0.151526 1.382769 9.515735 1.145525 0.997118
Pedestrian -1 -1 0.376382 804.698181 134.910690 892.237000 286.370697 1.817322 0.609119 1.064423 3.865405 1.191828 11.220500 0.708145 0.981540
Pedestrian -1 -1 2.315079 832.614929 148.164047 1056.012329 549.995911 1.697776 0.605843 0.660045 1.991418 1.648292 4.187682 2.758970 0.976644
Pedestrian -1 -1 0.691981 772.722168 162.788483 926.534119 524.161316 1.672638 0.523864 0.625452 1.646319 1.711249 4.873775 1.017739 0.950445
Pedestrian -1 -1 0.727173 634.990173 143.169830 664.862183 201.826096 1.737566 0.558778 0.624547 1.475264 0.624725 22.833514 0.791693 0.948544
Pedestrian -1 -1 0.634260 613.857605 143.096786 643.556824 203.061951 1.774749 0.520649 0.706893 0.749418 0.454622 23.070239 0.666733 0.941957
Pedestrian -1 -1 0.590290 1015.479919 142.442429 1201.862427 470.877594 1.716719 0.551383 0.767105 4.247869 1.836687 6.114164 1.197490 0.853012
