Pedestrian -1 -1 -2.593107 992.801697 111.696388 1169.189941 338.215973 1.963669 0.995635 0.989369 4.526960 1.060496 6.858537 -2.009701 0.998786
Pedestrian -1 -1 -2.850630 908.625183 122.621475 1104.500977 417.673584 1.830473 0.904631 1.017148 3.046204 1.480906 5.440544 -2.340212 0.998245
Pedestrian -1 -1 1.309346 467.899078 167.113632 510.487823 261.126129 1.687252 0.630595 0.771155 -2.401579 1.442492 14.803155 1.148513 0.995226
Pedestrian -1 -1 1.063639 496.123627 158.883789 543.121277 263.828308 1.791801 0.631375 0.861372 -1.678651 1.455553 14.499382 0.948378 0.994808
Pedestrian -1 -1 -1.257925 669.519836 163.308731 696.427429 227.554459 1.662379 0.599912 0.753082 2.496692 1.151736 22.102736 -1.145443 0.990288
Pedestrian -1 -1 -1.790089 636.186768 162.494904 667.528259 232.396973 1.694943 0.688427 0.898331 1.239483 1.106992 18.674933 -1.723814 0.989611
Car -1 -1 1.526526 554.361145 168.512451 583.268372 194.112839 1.583452 1.725633 3.930717 -2.217407 0.720445 48.067010 1.480427 0.986981
Pedestrian -1 -1 -1.686049 585.568481 162.013809 616.991882 234.486221 1.793521 0.764377 0.977639 -0.022877 1.167806 19.085370 -1.687247 0.984049
Pedestrian -1 -1 -1.424137 611.018921 160.574661 637.788635 215.535828 1.782240 0.816729 0.927762 0.794006 1.104013 25.076092 -1.392483 0.980232
Pedestrian -1 -1 1.994020 623.375793 161.977921 652.705627 224.163132 1.705718 0.700070 0.867529 1.131169 1.134355 23.112359 2.042923 0.968764
Pedestrian -1 -1 -2.071737 696.205017 157.365128 726.381226 221.964005 1.778770 0.572944 0.812888 3.453919 1.126344 23.158768 -1.923687 0.887150
