Car -1 -1 1.579648 358.631805 150.578430 494.114563 258.547089 2.151870 1.971407 4.748327 -3.171509 1.375001 13.030113 1.340892 0.999883
Pedestrian -1 -1 2.429725 142.458359 161.286575 265.769714 342.145355 1.773646 0.814399 0.872305 -4.796916 1.593020 8.605833 1.921216 0.999108
Pedestrian -1 -1 -2.492497 988.722412 134.463623 1156.777710 373.212311 1.803734 0.736619 0.928631 5.028938 1.448729 7.796856 -1.919648 0.998653
Pedestrian -1 -1 2.673945 767.764648 153.204071 888.899414 319.152985 1.798271 0.969104 1.057577 2.639079 1.454488 8.617841 2.971112 0.996445
Pedestrian -1 -1 -1.939975 45.359638 169.736816 146.003235 305.322174 1.769903 0.819139 0.874341 -7.463540 1.485612 10.441789 -2.560549 0.994283
Pedestrian -1 -1 1.664911 508.908875 166.625519 543.931702 231.539505 1.775844 0.778934 0.795228 -1.984040 1.362276 19.555489 1.563800 0.988948
Pedestrian -1 -1 1.801134 609.035095 167.885773 643.242920 228.806976 1.761404 0.769066 0.854675 0.660016 1.360487 20.090832 1.833974 0.987909
Pedestrian -1 -1 -0.122254 590.922485 167.382538 625.149170 227.265900 1.768896 0.781139 0.861156 0.067987 1.170936 20.308722 -0.118906 0.977706
Pedestrian -1 -1 -3.055288 -73.671074 164.429672 73.788345 422.034210 1.706353 0.636015 0.794170 -4.701256 1.673056 5.645544 2.533511 0.873838
Pedestrian -1 -1 -0.868043 84.695938 159.232864 189.394485 310.362671 1.835622 0.685710 0.973743 -6.019971 1.558419 9.345562 -1.440297 0.767036
