Pedestrian -1 -1 -2.926935 417.982819 164.556458 472.813629 260.767120 1.793565 0.861410 0.899168 -2.781708 1.399085 12.961915 -3.138335 0.994443
Pedestrian -1 -1 -1.850068 698.285278 161.945709 750.517822 256.659058 1.816982 0.930566 0.878939 2.516799 1.319709 15.320005 -1.687241 0.993423
Pedestrian -1 -1 3.113794 665.985229 165.362259 710.300781 256.413666 1.745131 0.836541 0.887274 1.741256 1.299077 15.253809 -3.055731 0.993002
Cyclist -1 -1 1.726170 583.823486 165.570145 613.968506 222.894287 1.801635 0.611458 1.976678 -0.058783 1.145344 20.652142 1.723324 0.988029
Pedestrian -1 -1 -1.168388 740.101990 167.040100 769.122742 219.937180 1.726323 0.720174 0.929878 5.313683 1.155599 25.096715 -0.959741 0.942909
Cyclist -1 -1 1.786398 563.982361 165.003082 591.043152 215.614136 1.813961 0.604168 1.718416 -0.854286 1.158619 25.345940 1.752705 0.907595
Cyclist -1 -1 1.778936 610.649841 169.789307 633.508667 215.135529 1.765784 0.662446 1.902406 0.904732 1.263896 29.624953 1.809466 0.899702
Cyclist -1 -1 -1.940571 519.049866 170.785034 550.891052 214.031235 1.783037 0.653144 1.744843 -2.561891 1.205339 26.918187 -2.035458 0.884107
Pedestrian -1 -1 -2.977205 720.614075 163.655594 759.351501 232.503983 1.777894 0.821865 0.874254 3.872236 1.160840 20.010134 -2.786054 0.872485
Cyclist -1 -1 1.420263 599.207886 166.111847 625.176697 219.137436 1.815474 0.620039 2.038576 0.430307 1.257643 27.815108 1.435732 0.796254
