Car -1 -1 2.246082 806.959656 203.168289 1234.244873 466.072174 1.391913 1.508074 3.094929 3.332468 1.779416 6.023354 2.751423 0.999800
Car -1 -1 -1.732579 635.038025 179.212784 672.649048 207.885193 1.421087 1.598863 4.070603 2.428450 1.848100 42.193318 -1.675087 0.999116
Car -1 -1 -3.060401 785.275635 182.718109 914.039917 251.751343 1.487502 1.584590 3.142992 6.460810 1.833624 19.473969 -2.740062 0.999073
Car -1 -1 -0.349657 718.547119 178.791428 839.630493 227.052689 1.640725 1.533105 3.920018 5.971680 1.848273 25.905396 -0.123096 0.998848
Car -1 -1 2.913519 413.577515 178.385773 514.448303 212.142044 1.513582 1.600720 4.033770 -6.577310 1.624660 32.079194 2.711288 0.997843
Car -1 -1 3.022746 172.034897 177.059509 398.805420 266.093994 1.492568 1.604475 3.770008 -6.019299 1.465444 13.313189 2.598122 0.997350
Car -1 -1 0.582697 -170.677094 169.363525 321.418823 343.087494 1.637417 1.654498 3.989954 -5.483442 1.623034 7.724311 -0.034638 0.988143
Cyclist -1 -1 1.339556 540.273499 175.452194 559.167297 213.053452 1.672231 0.555971 1.878845 -2.779203 1.671110 31.729520 1.252188 0.954459
Car -1 -1 0.800210 951.399597 177.521759 1131.940552 253.925735 1.577410 1.591294 3.860980 10.078814 1.678353 17.095782 1.332910 0.894315
Car -1 -1 -0.844795 293.013336 175.040665 439.788483 233.727890 1.559147 1.739345 4.186052 -6.919302 1.606209 20.674630 -1.167753 0.856432
Car -1 -1 2.050356 -300.327362 187.364822 162.576111 402.328705 1.557536 1.619473 3.949862 -6.868885 1.984855 7.740057 1.324520 0.840103
