Car -1 -1 -1.237768 697.254272 169.663620 853.766541 287.595581 1.779368 1.676174 4.222738 3.083603 1.784684 13.403264 -1.011640 0.999961
Car -1 -1 -1.762257 643.626465 179.603455 683.045837 211.195480 1.444855 1.549978 3.796875 2.913660 1.864757 40.983430 -1.691283 0.999328
Car -1 -1 -1.986601 675.649292 181.106125 762.585938 241.711945 1.482541 1.577135 3.871415 3.161690 1.749955 23.009164 -1.850046 0.998931
Car -1 -1 -2.614499 -261.638550 189.651398 217.084641 348.491791 1.518872 1.592159 3.659137 -6.534325 1.624068 7.827050 2.973060 0.998821
Car -1 -1 0.826110 51.952881 190.225708 365.116699 295.613556 1.404988 1.575288 3.790834 -6.547598 1.769794 11.235029 0.298445 0.998185
Car -1 -1 -2.233501 262.705597 173.393372 429.863251 243.497772 1.577531 1.675828 3.923947 -6.153271 1.460075 16.748980 -2.585576 0.997655
Car -1 -1 -1.064993 408.236969 177.861130 485.054810 217.607666 1.522813 1.579854 3.710992 -6.795067 1.618450 30.330226 -1.285390 0.988091
Car -1 -1 -0.766722 173.470490 187.282990 382.090424 262.117065 1.404579 1.575410 3.981910 -7.029498 1.643656 15.879895 -1.183461 0.980163
Car -1 -1 2.702355 334.318817 175.280914 476.210968 232.936417 1.578778 1.666469 3.783347 -6.530878 1.730252 23.494406 2.431225 0.931030
Car -1 -1 -1.828871 662.194763 179.550247 717.253540 223.726273 1.459658 1.543860 3.490340 2.972459 1.868549 28.876691 -1.726296 0.923775
Car -1 -1 3.139997 448.961456 174.998001 521.126221 209.331223 1.529891 1.589024 3.578285 -6.253785 1.670873 36.182709 2.968849 0.907896
