Pedestrian -1 -1 1.257963 663.612244 137.762207 727.057861 264.798431 1.842886 0.633986 0.914414 1.175321 1.114645 10.115018 1.373640 0.996351
Pedestrian -1 -1 -2.062386 612.514832 142.161072 672.383972 266.705139 1.804981 0.638547 0.948888 0.578935 1.310758 11.899219 -2.013772 0.995797
Pedestrian -1 -1 0.740838 258.495300 131.836441 321.624908 255.485504 1.938575 0.702679 0.733521 -5.524015 1.194441 12.450072 0.323241 0.995504
Pedestrian -1 -1 -1.245678 478.239197 144.896851 520.635681 233.952499 1.675394 0.568037 0.827896 -2.198249 0.943710 14.780181 -1.393325 0.995258
Pedestrian -1 -1 -1.258687 503.790405 143.134338 544.319763 232.697662 1.715006 0.580344 0.815707 -1.702980 0.940005 14.798435 -1.373262 0.993785
Pedestrian -1 -1 0.598850 1062.906860 143.992691 1278.856079 493.488190 1.732162 0.641584 0.863517 4.177325 1.875311 5.350251 1.261756 0.992396
Pedestrian -1 -1 2.869888 552.227112 139.622787 599.482361 238.588455 1.773382 0.653584 0.907664 -0.690337 0.977925 14.827064 2.823362 0.991940
Pedestrian -1 -1 0.079639 442.530426 141.118088 489.951141 230.799377 1.796625 0.704677 0.898804 -2.998427 0.963796 15.284354 -0.114077 0.991936
Pedestrian -1 -1 -1.188856 582.396667 141.091782 629.882263 238.040329 1.758236 0.659743 0.979026 0.008331 0.975593 14.827133 -1.188294 0.990771
Pedestrian -1 -1 1.207753 527.889099 141.250076 569.938721 229.764343 1.718258 0.637268 0.926343 -1.234977 0.923407 15.143753 1.126383 0.987704
