Car -1 -1 1.820505 330.160187 187.282593 444.057587 256.157928 1.506042 1.631358 3.979304 -6.293466 2.102181 19.885714 1.513997 0.999886
Car -1 -1 1.711939 407.406128 186.147537 477.449707 235.626358 1.429688 1.555587 3.771087 -5.707231 2.001478 24.181157 1.480161 0.999567
Car -1 -1 -1.215522 -268.164398 199.400253 218.973801 433.335724 1.673085 1.631890 3.797203 -4.841860 1.915582 6.132417 -1.883859 0.999430
Car -1 -1 1.792934 443.508331 182.696259 499.113281 226.106552 1.542413 1.547126 3.604440 -5.651913 1.988811 29.773793 1.605338 0.999210
Car -1 -1 1.702451 473.194519 182.688614 519.260498 216.207596 1.495983 1.593160 3.924525 -5.238025 1.999586 33.457455 1.547154 0.997981
Car -1 -1 1.749995 502.350677 180.784470 542.564514 207.760254 1.409586 1.619342 4.048780 -5.242363 1.889918 43.054543 1.628831 0.995999
Car -1 -1 -1.481233 665.105103 172.169998 708.324341 206.530518 1.484989 1.681665 3.776170 3.767735 1.569554 36.179269 -1.377467 0.975079
Car -1 -1 -3.066973 773.271484 155.780304 890.886169 195.201340 1.599690 1.541554 3.914829 8.321233 0.711299 26.813987 -2.766065 0.967507
Car -1 -1 -0.964667 1017.807434 144.742950 1091.542725 175.370926 1.535455 1.633235 3.844210 23.034412 -0.035537 37.669511 -0.415845 0.938180
Car -1 -1 0.056054 1114.736450 136.107956 1242.378174 177.897018 1.491245 1.556749 3.726737 20.178716 0.105105 25.691245 0.721849 0.927079
