Car -1 -1 1.025958 106.412628 197.723114 357.182678 318.938934 1.420295 1.672066 4.250855 -5.947805 1.965564 11.290178 0.541091 0.999960
Car -1 -1 -1.852534 746.268982 176.246353 925.642944 298.600220 1.570580 1.629609 4.029845 4.085414 1.873349 13.242640 -1.553293 0.999959
Car -1 -1 2.238381 838.226379 183.072510 1391.535889 470.433136 1.477745 1.604299 3.843149 4.165837 1.787092 6.003504 2.845002 0.999932
Car -1 -1 1.931875 310.145874 189.504684 427.749451 262.489563 1.460411 1.569346 3.852120 -6.555878 2.100782 19.599087 1.609075 0.999919
Car -1 -1 1.833376 692.458313 180.604599 770.538391 236.752762 1.483615 1.548512 3.578469 3.949358 1.737027 23.734135 1.998265 0.999671
Car -1 -1 1.952653 422.514130 184.647919 493.719971 229.925125 1.484038 1.582096 4.070331 -6.046686 2.004514 29.373481 1.749633 0.999566
Car -1 -1 -1.789661 655.981506 178.899918 696.883057 211.900879 1.465291 1.582858 3.808689 3.551387 1.843404 40.184277 -1.701512 0.998075
Car -1 -1 1.320412 495.137268 179.877487 534.234497 208.820206 1.546519 1.594468 3.694147 -5.879856 1.966938 43.423035 1.185822 0.997895
Car -1 -1 -1.884943 671.550903 180.338760 735.629150 226.379868 1.451127 1.621947 3.763251 3.506457 1.885430 28.767392 -1.763652 0.982174
Car -1 -1 -0.803797 -93.227074 182.324661 73.356583 246.656769 1.529993 1.535978 3.584597 -17.385730 1.884008 20.436713 -1.508703 0.951263
