Car -1 -1 -1.783730 735.533630 178.094070 891.802307 286.513153 1.555279 1.601856 3.936901 3.719035 1.678976 13.392173 -1.512853 0.999957
Car -1 -1 1.012094 161.102585 195.811325 375.479218 304.410034 1.420144 1.661073 4.201825 -6.407409 2.036628 13.373781 0.565304 0.999950
Car -1 -1 -2.928723 809.130981 179.546371 1228.620972 404.908112 1.448422 1.593437 3.794040 4.414885 1.929702 7.971051 -2.422917 0.999948
Car -1 -1 1.150314 326.793671 189.559677 438.437561 257.982452 1.484514 1.597471 3.872871 -6.329888 2.115791 19.899380 0.842340 0.999933
Car -1 -1 1.275033 431.050568 184.494614 498.226868 228.496948 1.502638 1.585327 3.966893 -6.096142 2.028413 29.946280 1.074208 0.999489
Car -1 -1 1.297496 689.652283 180.659409 763.057373 234.775024 1.479393 1.567581 3.743385 3.653604 1.739015 24.010949 1.448502 0.999453
Car -1 -1 -1.440113 653.532410 178.930573 691.829590 210.365067 1.482013 1.606625 3.861783 3.539678 1.863200 41.287591 -1.354590 0.998817
Car -1 -1 1.831145 497.466492 180.095612 534.809265 209.057571 1.591001 1.617833 3.636102 -5.598402 2.027081 44.167447 1.705064 0.997930
Car -1 -1 1.022781 -34.104424 187.543945 108.343803 238.921524 1.545722 1.701774 4.153744 -17.756084 1.983832 22.432935 0.353233 0.957804
Car -1 -1 1.314658 670.669189 180.288864 731.458618 226.385437 1.457956 1.654518 3.739093 3.405942 1.889888 28.739825 1.432618 0.896164
Car -1 -1 -0.835481 -364.758850 212.258530 136.343811 408.613861 1.488095 1.598295 3.595294 -6.963906 2.010098 7.618335 -1.576030 0.838044
