Pedestrian -1 -1 -0.735123 984.566040 137.962067 1153.633667 426.728424 1.774264 0.629560 0.854475 3.610290 1.551093 5.575595 -0.160496 0.999597
Pedestrian -1 -1 0.515980 561.027771 146.306000 675.142578 396.059326 1.743639 0.633369 0.930641 0.080556 1.624000 6.934793 0.527595 0.999393
Pedestrian -1 -1 2.241777 856.666992 135.424255 1026.139771 418.246826 1.805165 0.750032 0.886974 2.578753 1.502293 5.500787 2.680152 0.999233
Pedestrian -1 -1 0.119143 820.058044 153.482773 917.588074 347.050232 1.685369 0.628221 0.803115 2.621503 1.478285 7.063203 0.474534 0.999177
Pedestrian -1 -1 2.520938 256.236969 153.793610 370.296844 348.624573 1.650365 0.579346 0.757937 -3.028336 1.376620 7.104982 2.118028 0.998710
Pedestrian -1 -1 0.636626 747.202637 148.128494 840.496948 339.868591 1.716444 0.588108 0.832634 2.164774 1.520347 8.324684 0.891034 0.998597
Pedestrian -1 -1 -0.245702 658.262756 153.363312 748.525696 357.929718 1.722900 0.560602 0.779506 0.919506 1.504815 7.055593 -0.116110 0.998286
Pedestrian -1 -1 2.486533 520.528137 141.490250 578.750122 262.846802 1.725997 0.569433 0.752436 -0.965895 1.249322 11.821508 2.405008 0.997668
Pedestrian -1 -1 0.335578 699.008850 162.007217 792.203613 357.355194 1.665234 0.584510 0.764801 1.368524 1.496091 7.092712 0.526184 0.994927
Pedestrian -1 -1 0.363134 614.355469 158.909531 713.337097 374.104279 1.697393 0.580628 0.842413 0.623935 1.695309 7.069775 0.451160 0.987228
Pedestrian -1 -1 -1.331414 241.098328 136.121338 306.050568 280.960266 1.900201 0.648874 0.710759 -4.777244 1.209928 10.071939 -1.774301 0.963373
Pedestrian -1 -1 -2.579464 631.818970 137.656509 700.596008 273.881836 1.826624 0.598234 1.022086 1.142649 1.122876 13.593850 -2.495605 0.874494
Pedestrian -1 -1 -0.575932 715.421326 140.252075 755.457703 224.744980 1.779863 0.587967 0.757048 3.170085 0.824110 17.501882 -0.396746 0.870239
