Pedestrian -1 -1 2.413700 893.325989 146.738892 1042.379150 399.944519 1.676036 0.608991 0.806803 2.792840 1.559992 5.573316 2.878235 0.999601
Pedestrian -1 -1 0.642349 815.272644 142.829880 935.273987 383.564362 1.745031 0.569817 0.756001 2.578251 1.519926 6.913574 0.999300 0.999281
Pedestrian -1 -1 2.529961 313.730225 158.921265 436.188568 388.483429 1.590662 0.520111 0.727298 -2.284880 1.463544 6.889821 2.209744 0.998977
Pedestrian -1 -1 0.630447 708.841187 139.254318 831.796448 392.036255 1.783383 0.537896 0.791565 1.534226 1.547099 6.803238 0.852250 0.998902
Pedestrian -1 -1 2.926863 543.054260 140.479553 605.074463 277.131195 1.700730 0.589789 0.741924 -0.490597 1.295304 9.822703 2.876959 0.997968
Pedestrian -1 -1 0.666241 629.676453 132.088181 786.313599 463.309937 1.818309 0.631055 0.891848 0.671712 1.635256 5.271281 0.792987 0.997182
Pedestrian -1 -1 -0.339437 232.570023 133.862778 297.268890 264.580780 1.907968 0.666792 0.765911 -5.998483 1.207187 12.296335 -0.793299 0.995579
Pedestrian -1 -1 0.649092 765.068420 160.989883 879.973755 395.089935 1.645804 0.581299 0.794285 2.045333 1.594587 6.897323 0.937371 0.993047
Pedestrian -1 -1 0.625846 1018.714722 130.519348 1274.539551 542.139771 1.853316 0.797778 0.986798 3.210721 1.573622 4.352615 1.261398 0.983726
Pedestrian -1 -1 -3.085236 632.995544 150.613541 691.802856 261.254395 1.651906 0.639330 0.964203 0.948881 0.998955 11.924681 -3.005830 0.925738
Pedestrian -1 -1 0.319369 949.379639 145.136978 1142.383789 445.111908 1.717351 0.625855 0.928076 2.915321 1.533461 4.762282 0.868688 0.752364
