Car -1 -1 -1.913858 658.272278 184.613174 726.253906 232.880966 1.306033 1.582162 4.118747 2.896936 1.861290 27.870612 -1.810288 0.999605
Car -1 -1 0.808308 390.506805 181.902328 501.381531 224.206833 1.496474 1.612936 3.779133 -6.071407 1.796105 26.085202 0.579627 0.998599
Car -1 -1 0.597116 216.000443 181.393097 436.601013 258.185699 1.574060 1.596101 4.063752 -5.421958 1.541228 14.099041 0.229988 0.998218
Car -1 -1 -0.763477 916.911926 185.233063 1379.288818 333.790558 1.491508 1.613223 3.796523 5.717906 1.699993 7.817393 -0.131964 0.997914
Car -1 -1 1.670295 552.776306 177.198196 582.018250 202.460220 1.425117 1.509875 3.738801 -2.683748 1.799486 45.670232 1.611599 0.994958
Car -1 -1 0.172492 -174.047729 202.009674 236.034958 345.052368 1.391435 1.579422 3.792697 -6.855887 1.851804 9.085713 -0.473933 0.990725
Car -1 -1 -1.601494 628.488342 173.756073 653.882263 198.805695 1.698915 1.636423 4.125984 1.983490 1.505012 48.394837 -1.560532 0.957196
Car -1 -1 -1.050998 459.455200 177.806519 527.515442 208.316330 1.541156 1.625801 4.064917 -6.151668 1.770461 38.939595 -1.207682 0.953952
Car -1 -1 -1.061661 117.005180 194.136368 297.428528 261.470001 1.395853 1.604488 4.113990 -9.439232 1.904889 16.950919 -1.569754 0.943415
Car -1 -1 -0.418560 318.056519 179.581253 459.290649 230.919174 1.508606 1.554861 3.653974 -7.280825 1.745641 23.835562 -0.715018 0.927520
