Car -1 -1 -2.172626 252.898590 187.450211 448.609467 307.999939 1.441692 1.611429 3.813636 -4.875315 1.629924 13.421640 -2.521049 0.999943
Car -1 -1 -1.216101 -35.812138 181.062943 220.248032 297.921844 1.561778 1.573876 3.600281 -8.199749 1.503252 11.340855 -1.842115 0.999909
Car -1 -1 -1.960040 432.724121 180.021347 516.682251 237.797928 1.534817 1.656559 3.892859 -4.407341 1.381874 23.960641 -2.141948 0.999854
Car -1 -1 -0.983995 698.654175 189.238144 816.523743 268.267273 1.376279 1.567797 3.389235 3.938813 1.732009 19.161572 -0.781261 0.999807
Car -1 -1 -1.424850 483.674469 181.657898 535.141968 220.510178 1.492193 1.656067 3.754365 -4.152050 1.443598 30.711577 -1.559230 0.999093
Car -1 -1 -1.769589 650.828552 181.224091 706.445190 223.029587 1.460842 1.617911 3.817559 2.795619 1.425645 29.937615 -1.676478 0.999092
Car -1 -1 -1.338999 382.539429 181.690033 440.339722 219.571045 1.562593 1.613075 3.735623 -10.119808 1.609221 36.405125 -1.610131 0.993435
Car -1 -1 -1.666429 583.256653 180.538803 608.992249 204.016159 1.574559 1.669426 3.636290 -0.972818 1.282102 52.595006 -1.684924 0.901351
Car -1 -1 -1.660683 617.936707 179.438385 645.216125 203.368561 1.586521 1.675052 3.820645 1.583683 1.238848 51.079949 -1.629689 0.850464
Car -1 -1 -1.426091 528.058960 181.176361 555.449524 205.240494 1.549669 1.633838 3.701020 -4.492513 1.296151 50.560746 -1.514712 0.795918
