Car -1 -1 1.381278 462.749268 162.002289 560.674805 246.408920 1.691733 1.660693 4.216949 -2.478210 1.323565 19.324814 1.253735 0.999918
Car -1 -1 1.586954 377.761566 151.404068 474.277069 234.077133 2.132817 1.995612 4.516797 -4.137536 1.207633 17.026078 1.348564 0.999689
Pedestrian -1 -1 2.517131 69.289536 166.498062 215.297363 387.039276 1.703635 0.702000 0.905478 -4.589526 1.553225 7.155639 1.946836 0.998939
Pedestrian -1 -1 -2.558313 1015.366455 161.489929 1130.931885 329.022919 1.626838 0.573375 0.868010 5.535211 1.506523 8.541298 -1.983307 0.998379
Pedestrian -1 -1 -1.924312 632.536438 159.827423 695.817200 260.046234 1.693229 0.764241 0.926333 1.012806 1.316456 12.641993 -1.844368 0.997981
Pedestrian -1 -1 2.071669 593.494019 159.603271 656.338928 265.546417 1.743425 0.710539 0.976904 0.379566 1.348690 12.464772 2.102110 0.997709
Pedestrian -1 -1 0.195028 260.127380 170.314972 313.285889 257.197815 1.798317 0.699777 0.920606 -6.936325 1.369556 15.739607 -0.220059 0.996960
Pedestrian -1 -1 2.586155 764.949341 148.411499 839.173767 261.017120 1.764070 0.704083 0.998156 3.378042 1.308851 12.292116 2.854348 0.996473
Pedestrian -1 -1 -1.315184 661.592102 159.496475 727.569336 264.609528 1.739521 0.902123 1.018461 1.586669 1.347909 12.427639 -1.188198 0.995867
Pedestrian -1 -1 2.233488 1150.156616 131.145752 1229.721069 300.645538 1.675671 0.586398 0.413409 6.799806 1.290505 8.394871 2.914294 0.995459
Pedestrian -1 -1 2.205925 843.436218 150.351562 999.979797 345.829346 1.770085 0.812055 1.085289 3.238781 1.535870 7.218449 2.627682 0.993024
Pedestrian -1 -1 1.170396 354.580811 163.300598 384.946472 221.229523 1.817376 0.691598 0.693766 -7.792596 1.218133 23.982159 0.856225 0.766279
