Car -1 -1 1.033391 290.674316 197.045898 474.320496 311.337769 1.377247 1.591019 4.091988 -4.237995 2.023674 13.353167 0.726069 0.999981
Car -1 -1 -2.035792 716.260803 183.495132 909.078613 306.020264 1.435756 1.606174 4.260631 3.498515 1.828965 13.399995 -1.780410 0.999957
Car -1 -1 1.356542 453.083679 186.461044 527.839233 240.706955 1.468878 1.656772 3.979289 -4.143095 2.059513 24.237189 1.187239 0.999809
Car -1 -1 1.854569 -87.772499 203.337402 382.767944 492.472076 1.544570 1.590814 3.812317 -3.588162 1.845995 5.988170 1.314731 0.999695
Car -1 -1 -2.879260 773.233276 178.693634 1406.939209 523.854675 1.531919 1.575725 3.698743 4.124331 1.887146 5.989637 -2.276241 0.999611
Car -1 -1 -2.002299 694.237061 180.231842 785.260315 247.682022 1.523885 1.592110 3.695064 3.788118 1.773057 22.568797 -1.836001 0.999215
Car -1 -1 -1.324912 638.227295 179.124466 675.822876 205.822144 1.463530 1.580133 3.750447 2.967303 1.873650 43.916512 -1.257448 0.996853
Car -1 -1 1.935973 402.461609 186.902206 492.833832 250.811920 1.515352 1.594270 3.816355 -5.100411 2.098474 23.114453 1.718794 0.992841
Car -1 -1 -1.835938 683.925232 180.070007 743.368774 228.243744 1.466082 1.590154 3.679286 3.871691 1.891661 28.450551 -1.700684 0.987033
Car -1 -1 -1.332096 595.754822 179.200226 629.256470 201.047928 1.474791 1.603297 3.779831 0.238461 1.998005 51.297810 -1.327448 0.761522
