Car -1 -1 -0.918698 711.496460 179.467407 812.701538 220.890060 1.520549 1.542878 3.653039 5.657062 1.761287 26.392070 -0.707546 0.998749
Car -1 -1 0.106029 805.894104 185.136749 1000.981934 251.358215 1.426189 1.575620 3.830613 6.732782 1.633399 16.500792 0.493437 0.998383
Car -1 -1 3.101250 325.762787 176.840256 483.952667 237.590775 1.518206 1.667126 4.070640 -5.724408 1.570636 20.091717 2.823690 0.998102
Car -1 -1 -2.495623 21.913090 177.540024 359.343842 286.025146 1.533064 1.687240 4.325025 -6.538407 1.659907 11.279790 -3.020950 0.997149
Car -1 -1 -1.419340 641.958191 180.397919 672.732666 205.065628 1.349680 1.578648 3.977922 3.158525 1.913589 46.470860 -1.351476 0.997033
Car -1 -1 2.308389 901.718567 184.138550 1340.619263 318.822327 1.535260 1.654192 4.335384 6.711397 1.644040 9.285033 2.934266 0.994620
Car -1 -1 0.079314 779.223633 181.270096 899.229065 229.426834 1.542777 1.603493 3.885407 7.888725 1.786604 24.963855 0.385390 0.986871
Car -1 -1 -0.616284 392.836884 176.841675 497.772675 217.536118 1.486588 1.585053 3.824173 -6.630485 1.562182 29.489691 -0.837447 0.982560
Car -1 -1 2.874054 237.717087 179.275879 447.496857 253.755951 1.427758 1.650044 4.134904 -5.911141 1.584052 16.076241 2.521704 0.857440
Car -1 -1 0.400401 453.376556 176.670029 540.492004 206.547531 1.433511 1.581382 3.980243 -5.813287 1.636639 37.319859 0.245873 0.839636
