Pedestrian -1 -1 -2.767864 688.593689 158.952087 812.229431 345.647369 1.764187 0.882928 0.910479 1.473403 1.436639 7.180188 -2.565470 0.998648
Pedestrian -1 -1 -1.070362 1007.049438 136.882050 1082.634399 280.866882 1.853544 0.612914 0.690657 6.152028 1.272125 10.015825 -0.519544 0.997672
Pedestrian -1 -1 -2.384219 919.372314 127.981567 1020.580017 291.638763 1.944967 0.846847 0.851962 5.963290 1.235891 11.507686 -1.906117 0.997602
Pedestrian -1 -1 1.597749 464.137207 172.687790 493.794312 241.327911 1.672616 0.653258 0.716565 -3.141467 1.388189 18.707749 1.431378 0.993954
Pedestrian -1 -1 -2.913498 489.222656 171.148056 520.059814 238.731796 1.687010 0.687818 0.765170 -2.508365 1.361952 18.819945 -3.045999 0.990567
Pedestrian -1 -1 -1.679290 551.009521 166.724686 584.156189 236.659225 1.743049 0.772321 0.936293 -0.930419 1.349498 18.883444 -1.728522 0.990327
Pedestrian -1 -1 -1.675537 588.885559 167.701904 617.829956 232.494812 1.709142 0.707566 0.996453 0.000420 1.336357 19.612893 -1.675515 0.979910
Pedestrian -1 -1 -1.340624 608.060120 168.523697 634.393616 226.161621 1.696844 0.717626 0.859489 0.680437 1.221437 23.247637 -1.311363 0.961247
Pedestrian -1 -1 -1.390681 634.173828 169.292557 660.631592 222.362778 1.702802 0.748658 0.840662 1.558020 1.214347 24.343552 -1.326767 0.937019
Pedestrian -1 -1 2.803686 579.203369 164.726257 606.101868 223.317429 1.793540 0.794312 0.906807 -0.409166 1.270643 27.565526 2.788844 0.921787
Pedestrian -1 -1 0.844478 -129.824875 168.144577 136.459183 551.710571 1.608231 0.665054 0.749031 -3.627036 1.753848 4.372978 0.152054 0.865087
Car -1 -1 1.469306 521.211121 172.828995 550.479004 199.200058 1.593641 1.725645 3.230111 -4.317207 0.875099 45.993851 1.375715 0.831246
