Pedestrian -1 -1 -0.771328 727.928223 142.804214 878.709412 369.190735 1.792733 0.960731 1.007298 1.901193 1.440549 7.025757 -0.507054 0.998413
Pedestrian -1 -1 -2.406882 1087.981323 135.619949 1167.391357 288.245728 1.841353 0.604074 0.628476 8.286183 1.343592 11.339832 -1.775838 0.997811
Pedestrian -1 -1 -2.900793 935.108582 121.069733 1057.858398 297.348022 1.952221 0.948491 0.873831 5.060835 1.158884 9.000207 -2.388554 0.995829
Pedestrian -1 -1 1.383473 469.616974 168.555771 501.338531 242.803833 1.712774 0.652300 0.830519 -2.980556 1.380050 18.237063 1.221472 0.993418
Pedestrian -1 -1 -1.873577 610.129822 165.460876 637.982910 227.002518 1.716012 0.699003 0.870588 0.711257 1.197489 22.795807 -1.842386 0.989063
Pedestrian -1 -1 -1.345795 558.472534 166.843216 591.159058 234.984039 1.751482 0.777003 0.980714 -0.681687 1.357554 19.259154 -1.381175 0.988780
Pedestrian -1 -1 -1.470398 588.907104 163.802994 615.201050 219.616730 1.823776 0.821014 1.043626 -0.008150 1.189235 24.656380 -1.470729 0.986929
Pedestrian -1 -1 -1.878407 634.353455 164.142548 661.236084 223.147385 1.727953 0.680443 0.847979 1.495713 1.171978 23.342543 -1.814418 0.984926
Pedestrian -1 -1 1.293346 495.435822 166.095535 528.395081 242.251297 1.750109 0.655339 0.856082 -2.369415 1.377755 18.405734 1.165317 0.984491
Car -1 -1 1.535791 531.947021 170.805008 559.476074 196.502960 1.623364 1.718698 3.370231 -3.683411 0.820871 46.689690 1.457063 0.979065
Pedestrian -1 -1 -2.048444 657.972168 160.805939 687.879456 221.448441 1.823852 0.686053 0.855092 2.390169 1.172521 24.354434 -1.950616 0.909679
Pedestrian -1 -1 -2.750341 646.237366 162.471695 672.436768 218.319870 1.777396 0.667867 0.795062 2.231491 1.205485 27.759240 -2.670126 0.842709
Pedestrian -1 -1 -1.888913 572.629333 164.715637 603.675537 228.460098 1.748205 0.803017 1.044186 -0.414614 1.423834 23.215247 -1.906771 0.784939
