Car -1 -1 -0.903253 775.019714 188.306854 952.494873 265.337402 1.435671 1.567778 3.832096 5.778666 1.847737 16.202550 -0.560664 0.999855
Car -1 -1 2.629861 837.728821 185.695297 1089.007324 283.043976 1.569093 1.526140 3.510529 6.372617 1.876314 13.038400 3.084475 0.999536
Car -1 -1 -2.389543 -70.449226 173.034332 299.520996 307.005402 1.661860 1.660224 3.987620 -6.401291 1.555342 9.459373 -2.984469 0.999149
Car -1 -1 -1.697568 632.983337 179.266083 682.190552 217.415375 1.410165 1.594455 4.114676 2.370583 1.717088 35.035214 -1.630008 0.998488
Car -1 -1 2.039561 943.451538 192.333237 1166.357666 317.424225 1.513796 1.547103 3.486194 7.001370 1.862938 11.340056 2.592677 0.998346
Car -1 -1 2.758500 318.478607 180.440186 465.327698 228.087387 1.472692 1.657397 4.420527 -7.539432 1.735225 24.946654 2.465005 0.996386
Cyclist -1 -1 1.404539 485.269989 176.830856 514.978760 235.454407 1.608559 0.538704 1.779721 -3.079911 1.599042 19.676772 1.249273 0.996208
Car -1 -1 -0.391112 1007.459778 191.984161 1578.427124 377.424866 1.525994 1.565492 3.455278 6.234490 1.724377 7.357173 0.311872 0.989063
Car -1 -1 0.728945 124.347816 164.487518 360.631866 256.566406 1.662516 1.657888 4.057004 -7.049257 1.531516 13.904078 0.259719 0.981773
Car -1 -1 -1.681353 616.289978 175.955017 646.454529 202.208572 1.550644 1.650433 3.997655 1.194527 1.852695 46.313985 -1.655566 0.898535
Car -1 -1 2.243920 754.541687 177.153442 858.212830 232.651733 1.710711 1.706691 4.013398 6.686767 1.878973 25.231051 2.502986 0.815948
