Car -1 -1 1.022838 120.297379 201.989075 339.913849 318.705750 1.455499 1.546973 3.546886 -6.003403 2.006384 11.350257 0.536321 0.999950
Car -1 -1 -1.895189 689.377136 174.892868 779.076843 236.338379 1.481158 1.611590 3.887849 3.864180 1.672464 23.162242 -1.729880 0.999908
Car -1 -1 1.915122 296.849518 194.860184 421.882477 267.211426 1.420420 1.628498 4.127203 -6.914112 2.125169 19.734101 1.578123 0.999892
Car -1 -1 1.845292 397.104187 188.946609 482.339417 237.596603 1.421357 1.638010 4.214291 -5.843949 2.054462 24.735041 1.613285 0.999729
Car -1 -1 3.075343 874.371277 152.986237 1035.046265 212.025406 1.710328 1.646949 4.191025 9.690897 1.034148 20.420663 -2.764750 0.997293
Car -1 -1 1.445645 487.630463 184.117905 529.686096 214.388123 1.508818 1.642070 3.744565 -5.572263 2.284905 39.845322 1.306698 0.997239
Car -1 -1 -2.437562 975.301086 138.908463 1244.832153 231.203491 1.636534 1.633114 4.078456 8.933357 0.872241 13.329692 -1.847127 0.996421
Car -1 -1 3.070044 826.290710 157.286682 956.896240 206.531219 1.627118 1.695074 4.183122 9.584802 1.043201 25.092767 -2.848270 0.989906
Car -1 -1 -2.745189 -436.708954 213.895309 199.123535 482.079254 1.389461 1.638161 4.064309 -5.280674 2.020114 6.121499 2.826208 0.976744
Car -1 -1 1.833146 449.775208 185.447922 503.327667 223.299088 1.482996 1.594554 3.874879 -6.649092 2.248375 35.855099 1.649786 0.972791
Car -1 -1 -2.001902 673.637329 176.493103 733.970032 220.339539 1.516663 1.649296 3.694456 4.135924 1.704579 33.683915 -1.879727 0.958830
Car -1 -1 -1.799332 657.267090 179.514297 697.823914 211.485474 1.453055 1.617161 3.613868 3.633414 1.850319 40.589997 -1.710055 0.955387
