Car -1 -1 0.900054 36.790520 200.151932 410.096893 395.043976 1.377293 1.690637 4.518090 -4.167457 1.901263 8.050196 0.422359 0.999908
Car -1 -1 1.821583 354.818207 188.476883 479.377594 269.767120 1.415952 1.574191 3.663795 -4.367162 1.837027 16.143616 1.557387 0.999890
Car -1 -1 -1.363087 647.471252 177.660934 697.135620 219.864380 1.564320 1.659092 3.626507 2.997420 1.782981 34.790154 -1.277143 0.998309
Car -1 -1 2.211433 -257.142761 208.476486 178.799545 398.406128 1.456149 1.595433 3.769771 -6.588242 1.948241 7.940443 1.518839 0.998169
Car -1 -1 1.761972 480.924103 182.531082 518.478455 209.857864 1.482314 1.551356 3.582541 -6.750374 2.025303 43.914727 1.609451 0.996716
Car -1 -1 2.253130 788.928711 162.413818 946.717529 216.414597 1.614054 1.668541 4.517523 7.446176 1.264895 20.666489 2.598953 0.994910
Car -1 -1 -1.832499 446.903778 184.812744 495.411438 220.117859 1.488709 1.544494 3.732284 -7.211443 2.211861 36.273534 -2.028748 0.990928
Car -1 -1 -1.199461 1043.506714 143.548019 1106.768921 176.383591 1.731961 1.698806 3.937250 24.719214 0.035396 38.518838 -0.628912 0.978734
Car -1 -1 2.367149 947.260376 149.518539 1048.502686 181.482727 1.407715 1.522910 3.781167 17.150441 0.427376 31.826482 2.861410 0.976701
Car -1 -1 -2.367669 732.438843 164.519470 835.389893 203.535049 1.602911 1.665974 4.176051 7.241657 1.155082 30.874608 -2.137283 0.972000
