Car -1 -1 1.383644 389.270630 160.682480 542.223083 270.938843 1.776127 1.679704 4.470964 -2.613031 1.407605 13.485313 1.192247 0.999949
Pedestrian -1 -1 2.328903 842.838074 159.819290 941.794067 310.688660 1.699055 0.588141 0.895643 3.473656 1.418463 8.625203 2.711763 0.998864
Pedestrian -1 -1 -0.213237 600.857727 162.601593 653.980286 256.736115 1.702161 0.703137 0.946836 0.476897 1.276612 15.087839 -0.181639 0.996842
Pedestrian -1 -1 2.217503 1150.717651 132.221725 1229.096191 297.204590 1.659817 0.568891 0.420925 6.791679 1.281491 8.386411 2.898218 0.996080
Pedestrian -1 -1 -0.551271 679.069641 156.291641 740.201904 253.718170 1.753169 0.825117 0.910208 2.189792 1.254361 15.045241 -0.406739 0.995270
Pedestrian -1 -1 -2.964909 563.290283 162.991287 610.897400 253.190277 1.738733 0.734868 0.901664 -0.285938 1.287508 15.198231 -2.983720 0.994964
Pedestrian -1 -1 -1.899491 636.453613 155.715820 690.927917 251.233734 1.810966 0.827275 1.002137 1.246128 1.276758 15.279103 -1.818114 0.994628
Pedestrian -1 -1 -2.475960 308.329834 164.604874 352.268402 246.041885 1.821243 0.671530 0.874897 -6.925089 1.423022 18.373398 -2.836403 0.992493
Pedestrian -1 -1 -2.524935 718.833069 154.692154 857.896057 333.710907 1.756768 0.820059 1.208359 2.165801 1.352645 8.498203 -2.275393 0.991599
Pedestrian -1 -1 -1.161716 351.822540 164.939682 380.087494 223.585342 1.779367 0.645191 0.608258 -7.763517 1.222015 23.708865 -1.478164 0.910425
Pedestrian -1 -1 0.299314 788.827515 156.183838 904.694153 327.113129 1.741329 0.665542 1.052894 2.749969 1.384228 8.133215 0.625363 0.810459
