Car -1 -1 -0.924944 304.231567 178.648972 478.310577 292.241852 1.488281 1.607942 3.816150 -4.122601 1.671827 13.348767 -1.224489 0.999950
Pedestrian -1 -1 -0.970465 164.893234 172.659882 213.511368 246.114197 1.773712 0.584339 0.938887 -9.674891 1.350301 16.444686 -1.502259 0.997576
Pedestrian -1 -1 3.097333 196.749268 176.872269 243.380005 242.923340 1.681242 0.517281 0.974046 -10.600924 1.633431 19.275201 2.594507 0.992990
Cyclist -1 -1 -0.890286 1155.468262 129.040909 1256.220337 217.741989 1.750634 0.548275 1.811298 12.855061 0.701692 15.117793 -0.185602 0.991767
Pedestrian -1 -1 0.195739 565.789795 156.979828 616.433167 231.515320 1.811681 0.652710 1.099300 -0.329543 1.124903 18.621091 0.178043 0.991282
Cyclist -1 -1 -0.961643 867.881104 148.301636 906.156494 198.560562 1.755373 0.571200 1.718941 10.731722 0.397182 27.079303 -0.584324 0.988894
Cyclist -1 -1 0.028538 824.396851 152.323029 868.729919 196.438812 1.754183 0.594515 1.635969 9.913065 0.395868 28.924819 0.358711 0.982830
Cyclist -1 -1 0.714826 280.093414 164.387817 371.085907 245.279709 1.722126 0.564359 1.750503 -6.468974 1.431672 15.968459 0.329922 0.980925
Car -1 -1 1.434811 468.651031 169.010086 498.625824 191.129074 1.503692 1.629616 4.001104 -8.623134 0.651165 49.673097 1.262927 0.976310
Cyclist -1 -1 -0.947563 1046.823364 133.185242 1135.052612 206.387802 1.801639 0.601301 1.923390 11.167573 0.516491 16.243526 -0.345269 0.974803
