Pedestrian -1 -1 -2.558258 1035.637695 146.827255 1172.432861 333.452911 1.631143 0.564255 0.847406 5.685958 1.336432 8.099242 -1.946167 0.999429
Pedestrian -1 -1 2.516054 838.928345 144.384659 912.778137 292.699615 1.716758 0.494927 0.778589 3.703644 1.354413 9.806045 2.877181 0.998893
Pedestrian -1 -1 -0.295633 270.811371 133.903534 329.890930 257.634796 1.920488 0.676403 0.706236 -5.448557 1.201195 12.430642 -0.708729 0.996027
Pedestrian -1 -1 -2.744149 646.450378 143.643112 676.052429 204.495377 1.767183 0.606718 0.651073 1.784992 0.679636 22.207938 -2.663945 0.982017
Pedestrian -1 -1 -1.016331 434.126373 141.956299 477.508942 218.654724 1.742259 0.693587 0.974007 -3.952299 0.933625 18.658740 -1.225066 0.980672
Pedestrian -1 -1 0.936467 399.232269 140.593857 444.835938 214.898438 1.818213 0.676237 0.970511 -4.558938 0.898816 17.522182 0.681930 0.969798
Pedestrian -1 -1 1.745922 483.138519 145.669434 514.878601 215.724091 1.722856 0.625383 0.879451 -2.744123 0.743355 18.427979 1.598097 0.959932
Pedestrian -1 -1 -0.537082 1003.919312 127.919304 1208.357422 452.832428 1.721666 0.669034 0.810108 3.087282 1.529194 4.522181 0.061937 0.952409
Pedestrian -1 -1 -0.780073 616.206238 140.246994 642.125366 197.301163 1.786993 0.543673 0.546054 0.764299 0.404575 22.928760 -0.746752 0.946214
Pedestrian -1 -1 1.308381 508.961792 149.579117 543.836731 217.323441 1.638869 0.641263 1.075191 -2.085403 0.912969 18.373044 1.195361 0.908758
Pedestrian -1 -1 -2.317705 813.150818 147.055054 876.972168 285.954651 1.669008 0.457305 0.764352 3.532485 1.061825 10.659369 -1.997698 0.908511
Pedestrian -1 -1 -2.342422 628.300476 140.499191 656.492554 199.274612 1.790362 0.544848 0.539888 1.150687 0.419426 22.844625 -2.292094 0.858350
