Car -1 -1 0.013945 884.171509 184.342209 1089.023438 286.394104 1.530628 1.568270 3.209436 6.825606 1.878697 13.374918 0.485821 0.999804
Car -1 -1 2.350198 238.113556 177.403671 428.454010 257.635284 1.660369 1.591503 3.898907 -6.053128 1.711388 16.358878 1.995800 0.999783
Car -1 -1 0.764359 85.163857 183.791428 388.978424 297.892059 1.557525 1.601348 3.947713 -5.951783 1.838011 11.248680 0.277696 0.999245
Car -1 -1 -0.861399 953.799377 196.713272 1297.405518 317.087280 1.383270 1.520123 3.474920 6.725158 1.721065 9.390915 -0.239926 0.999055
Car -1 -1 -0.674015 730.900146 182.655823 888.664490 239.335327 1.526314 1.616136 4.004887 5.725364 1.847395 20.485451 -0.401485 0.998536
Car -1 -1 -0.066247 403.916626 180.590805 509.569824 219.321243 1.511629 1.586030 3.881288 -5.829114 1.777697 26.800669 -0.280411 0.994518
Car -1 -1 -1.781580 636.109741 183.219894 675.611328 214.013855 1.359541 1.569189 4.132339 2.389312 1.928043 40.746110 -1.723008 0.992272
Car -1 -1 -2.284039 -380.829865 188.330566 214.371918 419.695801 1.544154 1.618937 3.817791 -5.142631 1.594250 5.713696 -3.016884 0.937476
Car -1 -1 -0.915681 349.997223 182.130035 461.239014 227.961166 1.487104 1.642617 4.233410 -7.123733 1.778988 25.158517 -1.191611 0.875682
Car -1 -1 0.063362 448.106323 178.518677 536.522156 209.990677 1.517525 1.579798 4.055613 -5.321690 1.647503 33.322430 -0.095004 0.770508
