Car -1 -1 1.105414 102.507210 203.374969 331.865784 324.594238 1.411619 1.568120 3.643250 -6.307054 1.984333 11.284067 0.595737 0.999961
Car -1 -1 1.976574 275.225891 195.928757 402.935608 273.293823 1.411016 1.522860 3.417648 -6.003656 2.071782 16.333024 1.624326 0.999893
Car -1 -1 1.817550 362.984009 191.741196 455.695557 246.639801 1.413466 1.627723 4.191007 -6.837431 2.101292 24.108775 1.541199 0.999826
Car -1 -1 1.785439 433.719604 187.749298 496.804962 228.069199 1.433207 1.588326 4.020177 -6.175390 2.039182 30.462157 1.585426 0.999027
Car -1 -1 -1.783726 674.584229 175.130768 740.716919 224.619354 1.569140 1.674927 3.798190 3.797823 1.595642 28.428721 -1.650922 0.997622
Car -1 -1 2.319183 872.303040 146.357208 1074.207031 215.831970 1.646521 1.645024 4.127653 8.465291 0.913720 16.716922 2.787930 0.997512
Car -1 -1 1.792982 500.035950 182.672287 539.164185 209.954651 1.528130 1.669303 3.890365 -5.582592 2.088710 45.057076 1.669709 0.978904
Car -1 -1 -2.957827 771.696228 159.056824 899.003723 203.744827 1.556338 1.660569 3.999714 7.946911 1.011036 25.524798 -2.655998 0.978553
Car -1 -1 -1.651391 645.834839 178.552811 678.162720 206.431458 1.460370 1.664109 3.693709 3.130779 1.863376 44.429406 -1.581041 0.884377
Car -1 -1 -1.924626 1187.481934 134.394135 1274.735352 176.089355 1.635419 1.660905 3.467892 25.539711 0.060425 29.891413 -1.217573 0.843089
Car -1 -1 -1.790788 659.810242 177.315857 703.275452 214.930084 1.549469 1.669809 3.649245 3.256705 1.748700 35.534493 -1.699394 0.811404
