Car -1 -1 -2.179314 -39.306713 204.179810 284.345093 371.340942 1.528846 1.570537 3.505764 -6.375737 2.068642 9.273591 -2.781612 0.999878
Car -1 -1 2.295045 844.250488 182.309708 1408.336914 496.687927 1.427361 1.558706 3.621108 4.245931 1.763426 5.978072 2.912618 0.999747
Car -1 -1 1.446271 442.483093 188.574692 493.278748 226.035324 1.413790 1.547046 3.734331 -6.796145 2.254488 35.310853 1.256130 0.999517
Car -1 -1 -2.012284 178.770737 197.912903 257.255890 232.890060 1.545664 1.714363 3.960777 -18.595615 2.723654 34.091294 -2.511639 0.998446
Car -1 -1 -1.331379 648.343018 176.813995 690.774536 209.699127 1.512189 1.674239 3.652909 3.447465 1.831909 40.812592 -1.247108 0.997443
Car -1 -1 -1.979601 230.729080 197.118942 305.070343 229.351944 1.468175 1.622353 4.083305 -16.555748 2.658229 34.615052 -2.425723 0.994738
Car -1 -1 1.786646 462.361664 187.315643 509.094330 219.632202 1.443781 1.607150 3.833642 -6.437822 2.278921 37.475224 1.616518 0.991272
Car -1 -1 1.787141 499.909576 180.782654 533.347595 209.283310 1.671815 1.637724 3.749097 -6.069213 2.204194 47.929951 1.661184 0.986510
Car -1 -1 1.992064 100.499268 202.426895 167.218140 232.748337 1.530810 1.713305 3.669748 -26.316313 3.156552 39.936951 1.409425 0.808563
Car -1 -1 -1.891262 610.457520 174.862686 654.253967 198.248886 1.580042 1.639067 4.517030 1.316471 1.506105 47.564103 -1.863592 0.785555
