Car -1 -1 -1.938717 362.548584 176.144165 495.493408 267.676056 1.501016 1.620307 3.893759 -4.125965 1.622834 15.999206 -2.191104 0.999930
Pedestrian -1 -1 -0.244153 246.365860 172.548660 278.639099 234.904663 1.761045 0.561077 0.746004 -11.139062 1.515248 22.833577 -0.698023 0.995350
Pedestrian -1 -1 0.037609 548.434082 159.701935 589.073669 224.135391 1.849233 0.665268 1.036316 -0.992991 1.128675 19.753768 -0.012617 0.993290
Cyclist -1 -1 0.049440 944.445251 141.379059 1007.144531 201.996094 1.846418 0.575976 1.784702 12.042197 0.689151 22.980527 0.532116 0.992736
Cyclist -1 -1 -0.753979 1020.350891 134.389175 1115.696533 208.070541 1.779811 0.579299 1.868494 10.586728 0.521916 16.163428 -0.174110 0.988384
Cyclist -1 -1 -0.728484 760.219543 155.429413 801.548401 196.539642 1.770652 0.599360 1.765992 7.426396 0.692548 29.960450 -0.485507 0.988011
Pedestrian -1 -1 2.239122 204.485382 177.183273 240.605484 232.697372 1.691150 0.500561 0.972152 -11.094096 1.428154 20.540883 1.743913 0.985645
Cyclist -1 -1 -1.147298 842.499573 145.456497 880.425293 197.912750 1.761122 0.646148 1.930431 9.713916 0.368834 26.848884 -0.800150 0.982725
Pedestrian -1 -1 2.565926 265.597992 174.955872 304.825531 235.925003 1.677372 0.535221 0.816809 -10.399119 1.485711 22.849662 2.138830 0.959700
Cyclist -1 -1 -0.043538 288.224945 168.761673 357.328796 236.316864 1.716484 0.608787 1.628947 -7.889126 1.344834 19.392453 -0.429905 0.950203
Pedestrian -1 -1 -2.503237 360.483093 163.249435 389.125244 218.409683 1.793921 0.648435 0.800853 -8.971384 1.228890 27.553376 -2.818012 0.875615
Car -1 -1 1.739536 471.093781 169.335144 501.822388 192.304077 1.543677 1.636233 4.155293 -8.159539 0.692659 49.648202 1.576645 0.853845
Car -1 -1 1.004674 1112.891846 141.059311 1239.421631 182.401871 1.580711 1.692313 3.838628 21.227678 -0.091495 26.375905 1.682343 0.787055
