Car -1 -1 -0.888572 798.875122 178.415466 1138.136475 402.533722 1.667400 1.622874 3.638330 3.829602 2.031742 7.990062 -0.441625 0.999894
Car -1 -1 -1.810144 687.050903 187.274933 761.237183 242.877380 1.377138 1.552310 3.578199 3.570240 1.993606 23.463328 -1.659139 0.999739
Car -1 -1 -2.591047 22.099659 186.437668 336.510559 294.538696 1.486614 1.595213 3.805916 -6.739640 1.807667 11.316362 -3.128200 0.999544
Car -1 -1 -2.317380 324.229706 185.289948 468.977539 245.971939 1.429273 1.627719 3.899086 -6.038444 1.822484 20.096478 -2.609271 0.998897
Car -1 -1 -2.333624 396.874146 180.124756 506.934479 225.989594 1.498566 1.594757 3.984877 -5.407520 1.742659 24.822484 -2.548120 0.998632
Car -1 -1 -3.014687 184.179947 183.043976 408.787354 268.376221 1.501224 1.598994 3.766770 -5.779296 1.673570 13.660808 2.868275 0.998062
Car -1 -1 -2.057861 496.015472 179.199768 546.625610 205.975388 1.434759 1.506840 3.720736 -5.371227 1.842543 43.476929 -2.180781 0.996045
Car -1 -1 0.721975 735.358826 185.357208 839.031189 223.382843 1.350558 1.553268 3.889452 7.138872 1.929711 30.061940 0.955128 0.991099
Car -1 -1 -2.242950 458.401581 180.620651 536.689270 212.874619 1.408139 1.578160 3.925044 -5.063928 1.635600 32.616299 -2.396978 0.858941
Car -1 -1 1.450899 637.546448 169.056488 672.015198 207.428162 1.729164 1.507773 3.101082 2.141205 1.692588 36.960500 1.508766 0.823924
