Car -1 -1 1.020153 147.458496 193.087173 385.917480 323.058411 1.468398 1.627383 3.883458 -5.343483 1.973583 11.129636 0.572541 0.999964
Car -1 -1 -1.887475 763.429993 183.812225 977.362488 312.222443 1.505937 1.616351 4.179177 3.801105 1.817270 11.178475 -1.559702 0.999961
Car -1 -1 1.907730 318.614655 189.465927 453.684082 267.020660 1.368677 1.615484 4.117710 -4.935824 1.814578 16.309973 1.613866 0.999901
Car -1 -1 -1.914882 724.421143 183.111221 836.302673 259.608124 1.455235 1.595315 3.767291 4.487469 1.806674 19.434085 -1.687952 0.999778
Car -1 -1 2.274508 885.850342 186.764709 1471.578125 495.904694 1.502022 1.618692 3.828986 4.599088 1.805261 5.987099 2.929534 0.999137
Car -1 -1 1.376186 485.045990 180.402420 534.003296 217.163528 1.447392 1.554359 3.711104 -4.971490 1.783625 35.794942 1.238181 0.998283
Car -1 -1 -1.352614 710.296631 180.449097 774.824097 229.408051 1.481284 1.592106 3.874486 5.237410 1.926188 28.866706 -1.173132 0.994966
Car -1 -1 -0.891297 1017.143555 176.156967 1161.384399 225.395218 1.551700 1.626067 3.988821 15.015414 1.618708 22.706267 -0.307026 0.986764
Car -1 -1 -1.696341 690.125977 182.431778 734.033264 219.595291 1.441381 1.562412 3.153449 4.255278 1.921801 31.119126 -1.560442 0.889175
Car -1 -1 -0.893225 949.478760 182.482971 1014.232849 212.519241 1.479613 1.535096 3.199728 19.936371 1.890350 38.877217 -0.419387 0.867219
Car -1 -1 2.093240 -438.147156 209.404037 211.118484 508.515045 1.490390 1.612300 3.954085 -5.196301 2.026710 5.902693 1.371401 0.765474
