Pedestrian -1 -1 -2.488672 358.754120 161.353378 397.907318 256.253235 1.826080 0.637408 0.555860 -4.746533 1.487273 15.262398 -2.790185 0.998787
Pedestrian -1 -1 2.742635 187.754944 162.601242 276.252686 329.869843 1.685520 0.659095 0.672421 -4.392372 1.430341 8.400208 2.260844 0.992610
Pedestrian -1 -1 1.275993 502.721222 171.988846 539.938171 236.493729 1.629039 0.759754 0.812657 -2.177896 1.334574 19.076212 1.162317 0.983981
Pedestrian -1 -1 1.317575 629.543640 173.966873 672.690063 229.733871 1.526520 0.919605 0.868932 1.274812 1.264757 19.497592 1.382865 0.979596
Pedestrian -1 -1 1.282474 614.845154 168.148483 640.051086 208.933365 1.728346 0.873607 0.731425 1.058748 1.168277 31.029111 1.316582 0.970047
Pedestrian -1 -1 0.215611 559.022522 170.243698 588.512207 223.353409 1.772999 0.901592 0.874596 -0.882646 1.264963 24.469452 0.179555 0.963662
Pedestrian -1 -1 1.593648 588.912415 170.274841 611.385986 210.581512 1.748162 0.904195 0.805768 -0.029117 1.240409 30.992949 1.592709 0.946880
Pedestrian -1 -1 -2.440572 1155.319824 164.019531 1303.114014 413.716187 1.687714 0.607301 0.590733 4.739039 1.650844 5.500818 -1.729431 0.928287
Pedestrian -1 -1 0.335015 601.844116 168.606781 625.561157 208.633728 1.772678 0.867379 0.784840 0.534499 1.204653 31.451472 0.352008 0.832370
Pedestrian -1 -1 0.872872 624.502747 170.817123 649.452454 216.687500 1.661278 0.817843 0.682161 1.636855 1.250911 33.302800 0.921983 0.777584
Car -1 -1 -0.955298 733.030701 143.204285 1071.585327 377.041718 1.826798 1.643358 3.967265 3.205366 1.631858 7.852563 -0.567749 0.766505
Pedestrian -1 -1 2.949263 661.814880 165.118164 687.199768 207.010895 1.792636 0.869272 0.841491 3.041765 0.892363 30.529992 3.048568 0.761047
