Pedestrian -1 -1 -0.992372 272.315918 167.906464 385.058533 405.326019 1.711992 0.656342 0.878298 -2.637742 1.652781 6.910409 -1.357008 0.997797
Pedestrian -1 -1 -1.859312 106.743805 171.613220 221.739944 391.517242 1.652099 0.653150 0.890320 -4.348003 1.696482 6.984995 -2.416096 0.997529
Pedestrian -1 -1 -0.082715 179.535736 155.565918 351.218506 457.545746 1.770291 0.731344 1.112833 -2.583494 1.634856 5.399349 -0.529001 0.996575
Cyclist -1 -1 1.663595 478.507660 161.701370 513.951782 234.200928 1.801332 0.706858 1.984281 -2.780134 1.162650 18.769761 1.516547 0.984013
Pedestrian -1 -1 -2.167755 69.405067 177.706879 174.757111 359.629883 1.663996 0.672000 0.815497 -5.642565 1.592732 8.389823 -2.759819 0.983027
Pedestrian -1 -1 -1.915741 332.285645 156.725693 432.938049 335.246704 1.760492 0.724873 0.976872 -2.298074 1.608338 7.396659 -2.216977 0.977707
Pedestrian -1 -1 -1.713499 541.848816 167.300278 567.432495 213.024490 1.819256 0.800724 0.965520 -1.734802 1.170772 26.289416 -1.779393 0.975562
Pedestrian -1 -1 0.279319 657.671143 160.646133 689.997925 222.789978 1.765639 0.773082 0.888038 2.231876 1.142456 22.639824 0.377583 0.971426
Pedestrian -1 -1 0.993138 155.549210 168.737747 273.344604 399.533234 1.688311 0.620587 0.943278 -3.863277 1.742916 7.096719 0.494624 0.970780
Pedestrian -1 -1 2.946811 37.628101 180.392593 73.986778 249.193192 1.716695 0.644282 0.606695 -14.550287 1.684214 19.069161 2.295024 0.800604
