Car -1 -1 -2.056504 771.844482 181.920959 944.549744 293.595734 1.490654 1.570816 3.497699 4.363355 1.846043 13.303733 -1.739580 0.999946
Car -1 -1 1.891341 185.287140 192.961777 400.211121 313.513367 1.457806 1.623455 3.888433 -4.852414 1.960574 11.217683 1.483078 0.999946
Car -1 -1 2.154768 870.314270 188.437439 1361.004395 448.585327 1.469178 1.592331 3.520156 4.160682 1.789524 5.983492 2.762373 0.999884
Car -1 -1 -1.233624 721.103027 180.018692 829.143860 253.470764 1.492903 1.594630 4.061267 4.515231 1.807022 19.552056 -1.006669 0.999874
Car -1 -1 1.885098 346.160522 187.340927 467.714661 261.855835 1.433468 1.634062 4.128733 -5.561185 2.065672 19.502961 1.607324 0.999824
Car -1 -1 1.186936 419.995667 184.728012 503.687195 237.901169 1.402614 1.599953 3.956596 -4.895076 1.977971 23.957982 0.985391 0.999609
Car -1 -1 1.312844 514.457275 178.910767 557.671875 210.096634 1.461770 1.550895 3.742850 -4.317929 1.856750 41.224404 1.208482 0.998676
Car -1 -1 -1.776408 703.028198 179.937363 765.570129 228.245468 1.495696 1.663894 4.162838 4.882395 1.926918 29.072562 -1.610023 0.996775
Car -1 -1 -1.847085 927.841309 179.129745 976.014099 205.669128 1.491173 1.592407 3.494437 21.092253 1.899877 44.459565 -1.404115 0.983223
Car -1 -1 -1.730876 688.165100 179.552979 728.163269 214.392227 1.549246 1.645097 3.717684 5.488910 1.951031 40.755032 -1.597001 0.961181
Car -1 -1 0.052704 951.036316 174.752670 1049.353027 210.439285 1.535993 1.583143 3.967642 17.575837 1.566308 32.507664 0.548353 0.805147
