Car -1 -1 -1.691662 452.762512 172.521698 527.749146 227.917679 1.496339 1.691979 4.057526 -3.808528 1.347872 23.720395 -1.850862 0.999875
Cyclist -1 -1 -0.749354 637.733765 162.210297 672.217285 196.186142 1.823563 0.578074 1.791204 2.243458 0.780594 32.715371 -0.680887 0.988976
Cyclist -1 -1 -0.236339 815.900879 148.542404 870.485901 198.911728 1.787270 0.546779 1.708087 8.163492 0.673094 24.575614 0.084372 0.985399
Car -1 -1 0.002835 1005.511292 150.821732 1117.818726 184.532684 1.504176 1.666523 4.116285 20.210031 0.133373 31.458632 0.573872 0.984369
Pedestrian -1 -1 1.347129 390.382050 165.622665 417.142029 213.361557 1.752621 0.574417 0.944364 -7.243344 1.131038 25.058389 1.065741 0.979840
Cyclist -1 -1 -0.746882 750.999023 155.969955 796.839905 199.514053 1.802660 0.573776 1.627608 7.170882 0.742879 29.480342 -0.508273 0.976557
Pedestrian -1 -1 0.078884 418.059265 163.114243 448.247894 212.393051 1.803076 0.628690 0.991198 -6.089088 1.121574 24.976100 -0.160248 0.973978
Pedestrian -1 -1 0.100654 520.829529 164.002396 549.864380 209.522278 1.816788 0.649973 1.045444 -2.532832 1.119026 25.930593 0.003286 0.972409
Cyclist -1 -1 -0.897818 309.657715 171.125076 363.060608 222.103561 1.699891 0.613443 1.777704 -9.194821 1.186220 24.391824 -1.258309 0.924968
Pedestrian -1 -1 -0.018169 272.385895 173.636581 300.318939 216.927979 1.648845 0.586747 1.029237 -13.252824 1.282111 29.209439 -0.444110 0.776896
