Car -1 -1 1.442679 561.830505 179.375412 603.303711 213.419342 1.545095 1.666422 4.006647 -1.069329 1.379604 37.261139 1.413989 0.998056
Pedestrian -1 -1 1.415475 432.411987 172.253998 474.707489 255.753510 1.771656 0.753412 0.719978 -3.279292 1.512943 15.553781 1.207682 0.995618
Pedestrian -1 -1 -1.414841 745.192322 169.903076 785.551636 252.355865 1.769464 0.739131 0.971113 3.632962 1.494346 15.983490 -1.191343 0.995505
Pedestrian -1 -1 1.722219 772.637451 166.072449 816.514771 244.897095 1.766398 0.684426 0.920772 4.413684 1.448188 16.225888 1.987808 0.994602
Pedestrian -1 -1 -1.648898 683.063477 174.321747 733.553101 285.939362 1.721057 0.766436 0.957464 1.792275 1.713313 12.383197 -1.505161 0.992602
Pedestrian -1 -1 -1.444407 716.405273 175.015259 761.260315 280.034698 1.692172 0.713824 0.957556 2.405246 1.565968 12.551377 -1.255070 0.991894
Pedestrian -1 -1 -0.026348 806.702148 167.088318 857.542480 249.685822 1.743289 0.738319 0.964078 4.873912 1.296931 15.583782 0.276770 0.990973
Pedestrian -1 -1 -1.433357 641.049866 170.316681 677.685486 238.790085 1.903862 0.901182 1.008496 1.595894 1.482769 19.949090 -1.353529 0.988451
Pedestrian -1 -1 -3.099797 387.066925 174.885651 430.585724 255.562668 1.766342 0.722765 0.808755 -4.150023 1.533470 15.692376 2.924846 0.985631
Cyclist -1 -1 -0.386908 -197.348450 182.434830 208.067490 617.201050 1.483386 0.534974 1.567573 -3.717140 1.799152 4.842086 -1.041624 0.829343
Pedestrian -1 -1 -1.314575 667.427429 173.185699 695.779785 231.540527 1.795659 0.793248 0.942891 2.751025 1.559774 24.611682 -1.203260 0.821022
