Car -1 -1 0.996202 172.646240 199.477188 359.484192 303.706635 1.447643 1.514725 3.442481 -6.414539 2.055994 13.328488 0.547654 0.999951
Car -1 -1 1.976466 317.414917 194.107529 432.381897 260.239807 1.410822 1.627477 4.033463 -6.336717 2.107162 19.932906 1.668667 0.999910
Car -1 -1 -1.289415 685.475708 174.529175 765.982849 232.768967 1.503450 1.608787 3.896022 3.834484 1.671475 23.449387 -1.127328 0.999870
Car -1 -1 2.283760 -192.984207 212.493011 245.153351 414.552856 1.382419 1.593014 3.822120 -6.033752 2.045811 8.052139 1.640684 0.999662
Car -1 -1 1.960198 409.729523 188.441666 487.195374 234.420929 1.428288 1.581171 4.140157 -6.376924 2.277481 28.869382 1.742800 0.999336
Car -1 -1 -2.147300 945.588013 140.269730 1193.171875 226.252609 1.648963 1.638049 4.173800 8.523196 0.869385 13.728550 -1.591699 0.996719
Car -1 -1 1.799644 489.945862 184.715866 531.323730 213.193146 1.441691 1.584373 3.779079 -5.949314 2.071244 43.102418 1.662483 0.995434
Car -1 -1 -1.721320 655.528687 179.190933 693.211304 211.189499 1.461620 1.617907 3.519337 3.550516 1.847629 40.847653 -1.634617 0.994656
Car -1 -1 -2.388463 856.128418 154.252701 1007.496704 209.448563 1.690924 1.666962 4.338042 9.358006 1.025569 21.133389 -1.971607 0.994296
Car -1 -1 1.780947 456.067139 185.613861 507.823944 223.800018 1.504098 1.545340 3.710475 -5.423900 2.034284 31.084252 1.608196 0.990339
Car -1 -1 -2.905065 811.208557 157.835236 940.741394 204.760269 1.588066 1.677644 4.042129 9.209813 1.016809 25.293799 -2.555873 0.989079
Car -1 -1 1.801344 516.901611 179.551010 553.511353 203.911194 1.599087 1.600799 4.064916 -5.264093 2.107228 50.438550 1.697354 0.829398
Car -1 -1 -1.901137 672.336304 175.733795 730.669617 220.768707 1.533144 1.699033 3.836024 4.052605 1.706712 33.633355 -1.781221 0.821853
