Pedestrian -1 -1 -0.212497 272.428131 135.051056 328.795959 257.676270 1.915555 0.684820 0.690435 -5.463575 1.203163 12.459175 -0.625762 0.997298
Pedestrian -1 -1 -2.656675 718.432739 148.501175 777.730103 244.365738 1.717083 0.515323 1.071090 3.004850 1.176784 15.166447 -2.461083 0.995233
Pedestrian -1 -1 -0.042872 580.632874 152.314362 643.093628 256.227997 1.601239 0.715372 0.991546 0.020849 1.081481 12.184282 -0.041160 0.992803
Pedestrian -1 -1 2.801108 554.490234 154.765396 602.374878 255.819687 1.561852 0.574741 0.868352 -0.649007 1.153808 14.194758 2.755418 0.990404
Pedestrian -1 -1 1.799423 468.437500 140.942963 506.781769 222.779297 1.765211 0.657039 0.921826 -2.895504 0.791607 17.592933 1.636302 0.989246
Pedestrian -1 -1 0.032690 526.334717 142.375580 562.670593 224.105179 1.784199 0.635901 0.834734 -1.483908 0.809357 17.756129 -0.050688 0.988270
Pedestrian -1 -1 1.012468 429.916626 137.917053 477.718414 222.914505 1.827561 0.705582 1.068202 -3.409497 0.936200 15.992681 0.802422 0.983801
Pedestrian -1 -1 -1.021533 648.004150 145.044022 676.372192 203.722504 1.746951 0.591421 0.610889 1.834097 0.670858 22.541333 -0.940346 0.978051
Pedestrian -1 -1 -2.073541 505.071655 140.833496 541.230103 218.777542 1.795809 0.640356 0.930188 -2.125049 0.770875 18.352885 -2.188816 0.977663
Pedestrian -1 -1 -2.865761 617.567383 142.643051 641.282349 199.955658 1.787376 0.549620 0.626381 0.816987 0.405461 23.763116 -2.831394 0.879237
Pedestrian -1 -1 -0.030698 416.596619 142.427551 457.336639 212.856216 1.842503 0.612136 1.089080 -4.644244 0.582153 19.178245 -0.268286 0.797144
