Car -1 -1 -1.255187 712.535339 188.372528 830.918762 276.642456 1.371746 1.523920 3.362072 3.615555 2.000309 15.835795 -1.030719 0.999906
Car -1 -1 -0.877046 773.639282 174.695969 953.569580 244.464462 1.717928 1.613642 3.905356 6.065427 1.731323 16.915217 -0.532750 0.999568
Car -1 -1 0.692311 263.733063 185.678482 446.378052 252.499023 1.438360 1.630250 3.990695 -5.957677 1.677560 16.881219 0.353040 0.999401
Car -1 -1 0.611281 -72.685913 195.328094 318.355133 322.400848 1.435760 1.599783 4.032563 -6.226080 1.863524 9.416045 0.027058 0.999312
Car -1 -1 -0.394079 144.461349 186.410919 395.427429 285.612671 1.482569 1.512955 3.474016 -6.226225 1.840131 13.224197 -0.834112 0.999096
Car -1 -1 -3.082718 353.682495 181.907227 476.002380 229.899338 1.413450 1.621093 3.900906 -6.578228 1.711057 24.448106 2.937624 0.998711
Car -1 -1 -1.691445 636.009705 179.461578 667.326355 203.789032 1.431367 1.585722 4.203310 2.687530 1.953237 47.827431 -1.635312 0.998643
Car -1 -1 1.009280 703.218323 179.166473 773.483398 218.283356 1.524445 1.566204 3.731111 6.169490 1.797690 35.637021 1.180701 0.997365
Car -1 -1 2.875949 401.245239 178.577545 507.007233 217.286652 1.507740 1.625157 4.047121 -6.573785 1.617394 30.284535 2.662198 0.973832
Car -1 -1 2.739552 458.400879 179.392868 542.033142 209.698654 1.453217 1.642471 3.943456 -5.776951 1.742074 37.718568 2.587574 0.809617
