Car -1 -1 1.487507 395.783783 152.326065 487.051086 232.016052 2.174412 1.961299 4.761483 -4.602029 1.279689 20.340846 1.265007 0.999424
Pedestrian -1 -1 -1.370295 700.161865 156.223679 791.893188 319.969666 1.746124 0.787865 0.903051 1.763810 1.441325 8.587695 -1.167724 0.998708
Pedestrian -1 -1 -1.229508 786.508057 150.812683 888.130432 314.696899 1.799302 0.909389 1.004569 2.755136 1.449636 8.565450 -0.918302 0.998193
Car -1 -1 1.550584 526.464661 163.651276 567.064636 207.951706 1.828758 1.809879 4.341880 -2.454512 0.895298 31.098664 1.471821 0.998068
Pedestrian -1 -1 2.832054 351.515778 166.490936 408.725830 271.176910 1.774331 0.684205 0.803836 -3.892591 1.521039 12.535541 2.530970 0.996063
Pedestrian -1 -1 -1.422000 234.595062 166.350708 291.660675 283.808136 1.794118 0.747043 0.918610 -5.849574 1.569875 12.345456 -1.864489 0.995426
Pedestrian -1 -1 1.954559 1061.174683 143.738174 1213.728149 327.065857 1.777570 0.835820 1.056240 5.344101 1.510285 7.188821 2.593816 0.992739
Pedestrian -1 -1 -1.078542 757.540222 156.450806 828.271362 282.038452 1.711763 0.749274 0.925743 2.798202 1.384435 10.778625 -0.824543 0.992289
Pedestrian -1 -1 -1.275463 616.082581 165.900146 653.166809 239.185226 1.755468 0.789648 0.899686 0.864676 1.367599 18.673344 -1.229191 0.985496
Pedestrian -1 -1 -1.088055 321.513428 166.419678 384.271271 272.929108 1.770840 0.664782 1.048730 -4.418916 1.413842 12.751957 -1.421634 0.964407
