Pedestrian -1 -1 0.440623 666.309753 153.865433 734.714478 287.559357 1.628147 0.628064 0.775225 1.269456 1.306618 9.824095 0.569130 0.998894
Pedestrian -1 -1 1.072211 601.753357 164.165741 666.599487 292.936127 1.529901 0.531565 0.769276 0.316841 1.290130 9.755574 1.104678 0.998114
Pedestrian -1 -1 -1.799795 273.639801 134.217072 329.835052 257.121918 1.914205 0.666134 0.682087 -5.468552 1.199538 12.492538 -2.212411 0.996178
Pedestrian -1 -1 -0.328621 537.726807 139.505005 587.497131 235.744965 1.789098 0.715032 0.845579 -0.954483 0.973454 14.939436 -0.392425 0.995483
Pedestrian -1 -1 2.030373 499.664917 139.952713 546.536560 234.922333 1.772441 0.644725 0.892009 -1.721672 0.966327 14.887566 1.915239 0.994350
Pedestrian -1 -1 -1.962819 480.056427 140.624710 525.241577 232.589493 1.780188 0.642911 0.947471 -2.207233 0.955585 14.956602 -2.109338 0.991452
Pedestrian -1 -1 -0.189833 632.874939 159.436768 703.061157 290.982300 1.588762 0.594393 0.919906 0.788737 1.307222 9.809246 -0.109598 0.943778
Pedestrian -1 -1 0.041263 653.948853 145.611221 692.606384 223.265884 1.716004 0.613152 0.870924 1.733307 0.806789 17.847484 0.138077 0.929605
Pedestrian -1 -1 1.351909 466.583893 142.511749 500.164398 210.111710 1.777444 0.648287 0.936112 -3.450848 0.703953 19.582629 1.177480 0.927198
Pedestrian -1 -1 1.868855 441.254547 144.584015 473.963806 205.301498 1.759926 0.628313 0.967937 -4.213817 0.677515 20.032910 1.661533 0.923486
Pedestrian -1 -1 -0.846642 590.172119 142.188553 617.784546 194.516571 1.756907 0.550233 0.686419 -0.019934 0.334404 24.322770 -0.847461 0.887881
Pedestrian -1 -1 -0.027672 246.351227 136.684937 307.228790 260.440308 1.881565 0.720963 0.759682 -5.033217 1.169438 10.655049 -0.468979 0.856373
Pedestrian -1 -1 -1.224623 410.139832 142.626770 449.441071 205.592529 1.810653 0.654688 1.138482 -4.960406 0.694569 20.107699 -1.466486 0.840664
