Car -1 -1 -2.129720 119.223251 183.424301 436.450195 374.396881 1.490996 1.622619 3.855642 -3.769263 1.514395 8.060794 -2.567117 0.999948
Pedestrian -1 -1 -0.916787 103.723885 182.839676 157.149658 256.989227 1.653787 0.499621 0.924632 -10.849633 1.709658 16.182458 -1.507408 0.995810
Pedestrian -1 -1 -2.938176 58.494499 185.013519 110.633522 263.632538 1.658661 0.517718 0.838847 -11.898236 1.598517 16.156602 2.710248 0.993629
Pedestrian -1 -1 -2.263468 -20.282017 176.664963 53.778263 277.747528 1.704259 0.540564 0.983295 -10.711231 1.722285 12.837049 -2.958835 0.992846
Pedestrian -1 -1 0.165130 622.140442 153.775345 672.555725 249.135910 1.853246 0.657537 0.836184 0.948679 1.288809 15.150892 0.227664 0.992108
Pedestrian -1 -1 -0.812470 381.844604 153.972885 454.640747 267.622314 1.820060 0.599528 1.089713 -3.297668 1.365835 12.504663 -1.070315 0.984924
Cyclist -1 -1 -1.703676 918.547241 147.548630 950.599915 208.943512 1.750389 0.648963 1.574157 9.059562 0.727156 19.631585 -1.271317 0.981670
Cyclist -1 -1 -0.881188 958.019043 148.599625 1008.231323 195.570282 1.792123 0.603134 1.816627 15.389400 0.364409 28.621846 -0.387852 0.981282
Pedestrian -1 -1 0.346828 126.799194 179.680344 176.154999 251.786392 1.671736 0.500337 0.867683 -12.027416 1.668070 18.820731 -0.221812 0.981082
Car -1 -1 1.665643 461.300659 170.636093 491.802734 194.076462 1.466726 1.682916 4.218813 -8.403523 0.707210 46.819314 1.488046 0.978866
