Car -1 -1 1.013355 156.701309 200.789246 352.465240 308.184265 1.423368 1.570699 3.757637 -6.636812 2.052491 13.368344 0.552545 0.999957
Car -1 -1 1.013715 299.796417 194.723373 412.992340 266.062897 1.425933 1.522817 3.376178 -6.912740 2.121322 19.692279 0.676115 0.999876
Car -1 -1 1.266076 377.629272 191.039780 461.836060 241.959412 1.395770 1.606258 4.063143 -6.550126 2.075193 24.465337 1.004480 0.999761
Car -1 -1 2.005714 440.159454 187.208771 501.100586 226.276749 1.416909 1.574383 4.027287 -6.684745 2.233269 35.335152 1.818743 0.999500
Car -1 -1 2.212862 -369.156555 210.108917 215.314346 461.231445 1.552797 1.643123 3.943295 -4.989053 2.041586 6.186542 1.534209 0.999444
Car -1 -1 -1.741444 672.709412 174.880890 737.924072 222.165009 1.492250 1.654680 3.764247 3.802189 1.539030 28.567702 -1.609128 0.998879
Car -1 -1 3.031254 854.742615 147.942596 1044.872192 213.372238 1.617847 1.629776 4.133242 7.805391 0.904961 16.988400 -2.821243 0.997356
Car -1 -1 1.773059 502.694031 181.931015 541.260559 208.184219 1.547047 1.672528 4.001412 -5.594823 2.079353 45.861043 1.651664 0.995189
Car -1 -1 2.737810 763.338257 159.209610 891.977539 202.958954 1.561429 1.661810 4.119116 7.770393 1.010398 26.062348 3.027565 0.981870
Car -1 -1 -1.035229 1162.154541 133.004150 1275.483032 179.477783 1.677373 1.601843 3.565435 21.634357 0.172909 25.787713 -0.337191 0.937773
