Car -1 -1 -1.898856 723.346924 161.358475 950.933044 326.454651 1.765985 1.709058 4.416068 3.253805 1.768892 11.155900 -1.615061 0.999928
Car -1 -1 -1.949870 696.974670 180.960510 807.050842 256.341522 1.501350 1.615240 4.019452 3.546834 1.816069 19.394286 -1.768988 0.999600
Car -1 -1 -1.401821 650.350037 175.772110 692.800049 209.981537 1.465626 1.560655 3.597543 3.108042 1.662088 36.417908 -1.316683 0.999374
Car -1 -1 -1.704684 676.455078 177.228668 742.470215 231.971115 1.498559 1.575620 3.762835 3.105080 1.671788 23.217625 -1.571735 0.999309
Car -1 -1 -2.206457 217.834442 175.175613 397.747833 252.307892 1.572744 1.709739 4.070982 -7.026360 1.667333 16.559020 -2.607754 0.997927
Car -1 -1 0.834010 -379.922028 179.141220 262.017120 375.747406 1.509628 1.680269 4.174012 -5.052200 1.470038 5.802874 0.117656 0.993795
Car -1 -1 -2.277848 370.045502 178.628540 476.184814 223.973236 1.474191 1.672194 4.085707 -6.449039 1.706584 25.241652 -2.527988 0.964067
Car -1 -1 -0.845056 -30.537643 189.622162 300.124298 305.180725 1.402753 1.620810 4.276104 -6.886905 1.766481 11.249129 -1.394410 0.938163
Car -1 -1 3.059269 418.548218 174.189835 513.728882 210.606659 1.505548 1.602049 3.877790 -6.246102 1.522652 31.014842 2.860536 0.834504
Car -1 -1 -0.675386 147.376831 183.959213 332.946594 258.301422 1.444617 1.535569 3.746929 -8.279570 1.654742 16.206702 -1.147694 0.832273
