Pedestrian -1 -1 -2.941398 1094.005981 142.653336 1210.617188 278.863983 1.771438 0.814034 0.980822 6.618511 0.951506 8.699242 -2.291012 0.998168
Pedestrian -1 -1 -2.784666 760.842468 164.977707 862.600220 350.576782 1.703329 0.825921 0.920976 2.437123 1.566350 8.464846 -2.504337 0.997866
Pedestrian -1 -1 2.067980 982.549194 147.601593 1041.823975 262.947876 1.791230 0.662086 0.590936 6.855530 1.302503 12.067289 2.584620 0.997828
Pedestrian -1 -1 -2.949448 842.926880 154.605209 965.052124 350.526947 1.788805 0.934704 0.953934 2.957304 1.460559 7.101309 -2.554846 0.997695
Pedestrian -1 -1 -0.584217 95.435089 163.954971 211.990021 351.968109 1.787866 0.881401 0.877202 -5.316447 1.610199 8.521846 -1.141996 0.997547
Pedestrian -1 -1 3.100883 434.425873 166.784576 493.915466 267.627289 1.764920 0.768511 1.018289 -2.541360 1.392198 12.928485 2.906787 0.996432
Pedestrian -1 -1 -2.854933 683.254150 163.705734 727.093323 241.167755 1.766164 0.732622 0.909905 2.676510 1.368813 18.560549 -2.711716 0.994490
Pedestrian -1 -1 -1.166166 905.526367 158.158035 971.367004 275.220093 1.691363 0.681887 0.800290 5.753865 1.336701 12.255994 -0.727236 0.993651
Car -1 -1 1.606026 548.497009 169.408707 577.146851 198.310699 1.740356 1.791348 4.008482 -2.345831 0.860871 45.812394 1.554866 0.938455
Pedestrian -1 -1 -1.079790 464.342316 169.164459 498.902954 241.932053 1.731422 0.682356 0.883197 -3.714828 1.519299 22.481623 -1.243549 0.855791
Pedestrian -1 -1 -2.628061 479.685089 168.412842 509.188904 230.399918 1.749073 0.652307 0.796751 -3.499891 1.468857 23.588997 -2.775356 0.825969
Cyclist -1 -1 -0.062085 -7.583417 176.434723 128.993332 344.077789 1.733526 0.571464 1.318333 -6.646201 1.506908 8.755567 -0.711374 0.815589
Pedestrian -1 -1 -0.235407 436.128540 166.618713 468.753510 238.272690 1.774782 0.687086 0.746217 -4.623198 1.298359 21.915686 -0.443312 0.778475
