Car -1 -1 1.246216 860.686890 172.486847 980.067200 247.275116 1.498630 1.584864 3.917948 8.345245 1.520589 19.589408 1.648940 0.999847
Car -1 -1 -0.856308 367.385223 194.567261 494.356415 266.052307 1.347385 1.581596 3.848333 -4.999054 2.075297 19.641820 -1.105527 0.999828
Car -1 -1 -2.289124 505.683167 160.452271 796.883972 330.228607 1.778632 1.620222 3.825675 0.280027 1.612661 9.483415 -2.259605 0.999821
Car -1 -1 1.781192 767.691589 171.792847 845.650879 241.876419 1.608089 1.730571 4.052281 6.348194 1.727776 22.783492 2.052931 0.999670
Car -1 -1 -1.751498 258.071411 188.664398 319.156830 229.344559 1.386234 1.624096 4.144697 -13.631109 2.024845 30.347790 -2.173656 0.999443
Car -1 -1 2.348623 435.618164 175.161240 526.888428 214.462799 1.737079 1.623519 3.815914 -5.610002 1.725483 32.047368 2.175325 0.999180
Car -1 -1 1.447893 31.311989 189.546814 82.984230 226.345123 1.627274 1.639773 3.646627 -29.118187 2.504438 37.844834 0.792084 0.997917
Car -1 -1 -1.563705 211.114578 181.453598 238.014313 206.389542 1.751172 1.720502 4.997899 -27.028061 2.271412 50.745438 -2.053107 0.990159
Car -1 -1 -1.699995 243.961670 187.671890 291.828094 222.827866 1.435293 1.641003 4.283945 -17.349683 2.254665 36.134419 -2.147631 0.923697
Car -1 -1 0.873377 949.642639 164.557266 1105.984985 218.604355 1.604828 1.586174 4.353747 12.341386 1.299237 21.837258 1.387780 0.912042
