Car -1 -1 1.747297 553.841370 177.128265 600.306091 213.179230 1.506564 1.662969 4.090240 -1.168083 1.298883 36.384221 1.715204 0.999176
Pedestrian -1 -1 2.865796 390.356445 167.339706 446.684662 273.885925 1.754863 0.766101 0.712040 -3.237025 1.518110 12.419425 2.610826 0.997127
Pedestrian -1 -1 0.139394 862.322815 164.387482 922.662781 269.119446 1.713137 0.713912 0.850643 5.004103 1.349282 12.397942 0.523020 0.996759
Pedestrian -1 -1 0.953288 826.627136 164.507996 876.843262 263.949249 1.720268 0.620526 0.839489 5.051257 1.452361 14.758453 1.283053 0.995564
Pedestrian -1 -1 -1.369891 639.910278 167.673843 677.325500 241.024750 1.876746 0.840719 0.916324 1.528152 1.448877 19.180922 -1.290389 0.994814
Pedestrian -1 -1 -1.612243 715.496704 167.287262 773.310486 299.087067 1.736655 0.753529 1.017702 1.942902 1.548229 10.108267 -1.422349 0.994568
Pedestrian -1 -1 -1.344684 761.884155 162.416275 809.519226 252.504196 1.822040 0.730782 0.890861 4.011669 1.322336 15.568268 -1.092488 0.993982
Pedestrian -1 -1 -2.810495 322.545685 171.053162 376.279663 269.315887 1.742054 0.677192 0.791286 -4.437711 1.539284 12.776458 3.138391 0.991718
Pedestrian -1 -1 -3.111668 684.131409 174.322845 728.559448 265.570099 1.665057 0.746695 0.943669 2.203426 1.503918 15.223427 -2.967927 0.991337
Pedestrian -1 -1 -1.680949 738.241943 164.806213 792.540222 275.640045 1.783554 0.744298 1.025753 2.865288 1.423645 12.645885 -1.458132 0.968283
Pedestrian -1 -1 -1.352622 665.046387 171.811935 695.781250 240.985504 1.777128 0.733341 0.863881 2.203317 1.455001 19.984763 -1.242815 0.911385
