Car -1 -1 -1.230032 699.778564 187.590408 801.535278 263.604126 1.384384 1.559620 3.450589 3.814883 2.036350 19.243190 -1.034324 0.999914
Car -1 -1 0.684580 68.428886 189.563400 374.889313 293.711609 1.437047 1.566642 3.845243 -6.129822 1.784971 11.222354 0.184647 0.999688
Car -1 -1 0.258436 758.166443 176.882126 920.258057 238.574493 1.651037 1.653599 4.054127 6.341027 1.650896 20.240437 0.562036 0.999615
Car -1 -1 -0.727180 311.067078 183.516830 467.836365 244.768738 1.429771 1.657021 4.063016 -6.015889 1.820333 19.973874 -1.019726 0.999310
Car -1 -1 -1.670092 635.794189 179.716660 665.780823 203.841156 1.434180 1.584474 4.154942 2.670342 1.968055 48.136235 -1.614674 0.998348
Car -1 -1 -2.493691 374.406555 181.597641 486.046814 226.953262 1.449470 1.628161 3.980429 -6.078383 1.730868 25.015527 -2.732056 0.998318
Car -1 -1 -0.000203 195.489853 186.225616 425.052002 270.931610 1.458244 1.566063 3.845599 -5.571955 1.658566 13.636712 -0.388100 0.998148
Car -1 -1 -2.686934 -243.405136 195.393280 205.818130 339.052216 1.418357 1.601532 3.558749 -7.599002 1.839915 9.102751 2.900646 0.995066
Car -1 -1 2.096052 696.322754 178.008896 756.561523 211.923416 1.538841 1.591714 4.005383 6.010434 1.785467 38.036042 2.252776 0.908105
Car -1 -1 -0.954870 425.646851 178.841614 513.715515 213.605545 1.556517 1.682407 4.365552 -6.284485 1.689814 32.729195 -1.144575 0.841408
