Car -1 -1 -1.975570 219.851288 183.991043 423.392090 309.236908 1.506743 1.582161 3.648157 -4.608912 1.644527 11.163162 -2.367120 0.999962
Car -1 -1 -2.240554 -126.406960 190.077942 184.000336 312.297058 1.422336 1.558028 3.653242 -9.164516 1.612881 11.207285 -2.926012 0.999614
Car -1 -1 -1.357039 436.949738 185.761185 508.219971 235.118362 1.370534 1.604478 3.502251 -4.350305 1.557222 23.540019 -1.539782 0.999283
Car -1 -1 -1.820472 489.839386 184.023422 539.876038 220.077011 1.391819 1.589986 3.726410 -4.702956 1.536783 35.573804 -1.951912 0.998107
Car -1 -1 -1.905256 188.991913 173.377594 334.936920 256.215271 1.775123 1.688429 3.715370 -8.473637 1.505521 17.017665 -2.367248 0.996430
Car -1 -1 -1.457600 593.417358 180.121613 634.025146 217.721527 1.600024 1.668835 3.968621 0.352223 1.272268 36.617123 -1.447981 0.995985
Car -1 -1 1.656711 637.402771 181.587128 666.741089 206.327332 1.500360 1.676258 3.897681 3.027184 1.294651 49.158650 1.718214 0.983511
Car -1 -1 -1.700639 411.825836 181.939285 460.951538 216.015823 1.447940 1.624876 3.768513 -8.606408 1.209454 36.491395 -1.932254 0.980183
Car -1 -1 -1.439788 528.236328 181.126541 555.943848 204.943970 1.456107 1.624083 3.710975 -4.367921 1.240988 49.250527 -1.528245 0.932954
Car -1 -1 -1.150387 348.966858 177.061401 410.879913 209.793991 1.536397 1.629120 3.978406 -12.058667 1.124941 38.157628 -1.456478 0.832784
