Pedestrian -1 -1 -0.711101 759.715820 170.730621 862.766846 346.352661 1.557274 0.633986 0.787861 2.358104 1.490344 8.487995 -0.440118 0.998914
Pedestrian -1 -1 -0.185371 273.185211 135.600342 329.929565 256.707825 1.912679 0.662437 0.709638 -5.499799 1.201147 12.561077 -0.598070 0.997584
Pedestrian -1 -1 -0.663632 699.238464 174.783737 793.051331 350.250977 1.548602 0.620857 0.857307 1.605145 1.497892 8.316699 -0.472974 0.996673
Pedestrian -1 -1 1.921669 532.013855 143.148132 585.864014 246.952988 1.728027 0.623802 0.923024 -0.814067 1.093818 12.296354 1.855562 0.996519
Pedestrian -1 -1 2.763439 583.540955 138.978149 634.794678 242.541260 1.782870 0.631821 0.922506 0.031746 1.008219 14.796769 2.765585 0.994792
Pedestrian -1 -1 0.083219 622.300537 144.380203 659.180054 219.166580 1.712911 0.609694 0.889402 0.897196 0.757634 18.183343 0.132521 0.993722
Pedestrian -1 -1 0.043538 510.035583 139.184479 562.199402 246.715622 1.743605 0.600584 1.032255 -1.430030 0.991557 14.442532 -0.055156 0.989723
Pedestrian -1 -1 -2.204010 473.416412 142.350082 506.420044 205.374969 1.778525 0.638350 0.946354 -3.656410 0.661991 22.387603 -2.365903 0.971478
Pedestrian -1 -1 -1.950733 563.856567 140.368591 610.001282 235.525269 1.731837 0.631104 0.989883 -0.442730 0.799284 14.852779 -1.980532 0.968759
Pedestrian -1 -1 2.927041 455.178467 145.455994 487.214325 207.445526 1.707926 0.631968 0.891439 -4.306188 0.680982 22.304528 2.736324 0.966473
Pedestrian -1 -1 1.840228 493.348907 141.822922 530.708984 213.355606 1.791845 0.699613 1.069611 -2.545406 0.718205 19.410258 1.709835 0.961476
Pedestrian -1 -1 -2.788582 645.387329 143.713394 675.652710 203.525696 1.728478 0.598139 0.775209 1.852396 0.636163 23.172732 -2.708813 0.952447
Pedestrian -1 -1 0.755123 417.595886 143.845963 459.843842 210.800766 1.784386 0.681238 1.159320 -4.442819 0.745650 19.166133 0.527341 0.903037
Pedestrian -1 -1 0.211251 391.174927 143.067886 427.527924 202.924545 1.783311 0.581306 1.091043 -6.542104 0.421927 23.519666 -0.060045 0.827799
Pedestrian -1 -1 1.304975 246.185318 136.416031 303.863220 254.121002 1.871822 0.691018 0.783925 -5.947386 1.184918 12.572846 0.863132 0.823722
