Car -1 -1 -1.358407 290.787689 183.235657 462.788544 291.208801 1.492802 1.635846 4.095844 -4.438602 1.640289 13.414240 -1.677954 0.999964
Car -1 -1 -2.093991 150.159698 185.251144 320.030457 260.910858 1.400757 1.597044 3.931205 -8.618690 1.535930 16.357228 -2.578930 0.999812
Car -1 -1 -1.928489 442.696899 179.695755 509.871674 228.896927 1.515377 1.612179 3.573547 -5.261658 1.462721 28.720732 -2.109681 0.999680
Car -1 -1 -1.809336 686.655029 186.051605 781.935547 250.698257 1.370693 1.589012 3.356396 3.421455 1.448847 19.654313 -1.636981 0.999672
Car -1 -1 -1.451546 632.563049 179.112534 665.006348 206.126953 1.503884 1.650392 3.884016 2.635251 1.190465 45.416428 -1.393586 0.997831
Car -1 -1 -1.320119 499.315857 183.068481 537.617188 212.038910 1.352111 1.566697 3.423063 -5.021016 1.216160 41.346715 -1.440964 0.995938
Car -1 -1 -1.466904 585.568054 178.123306 616.909973 205.741394 1.569044 1.716479 3.693947 -0.333647 1.188996 45.241463 -1.474278 0.992014
Car -1 -1 -1.842327 396.387115 173.904221 450.549164 209.188889 1.635464 1.599606 3.816716 -9.773474 1.109136 37.463555 -2.097518 0.984121
Car -1 -1 -1.437002 517.598083 181.603775 547.820923 205.921265 1.395713 1.570152 3.478366 -4.879054 1.197851 47.224377 -1.539953 0.890516
Car -1 -1 -0.263715 -325.774414 180.624069 389.464661 550.338257 1.572725 1.590768 3.802207 -4.445167 1.783799 5.555179 -0.938568 0.775997
