Car -1 -1 1.429010 558.142334 177.978958 602.158264 212.886566 1.525138 1.653657 4.049833 -1.122718 1.327215 37.031701 1.398701 0.998673
Pedestrian -1 -1 1.825457 800.631836 165.478912 844.711914 252.073593 1.740585 0.679485 0.823949 4.728541 1.441001 15.377729 2.123773 0.997846
Pedestrian -1 -1 -0.233764 833.265625 167.040604 885.561401 255.610199 1.677048 0.717922 0.853360 5.343860 1.419032 14.980542 0.108885 0.997126
Pedestrian -1 -1 -1.455302 642.350525 168.491226 677.652039 238.885818 1.894479 0.865314 0.915087 1.570471 1.461050 19.544598 -1.375121 0.994944
Pedestrian -1 -1 2.015929 409.232971 168.898712 461.921326 263.254364 1.775870 0.777172 0.795842 -3.430155 1.510366 14.929390 1.790090 0.994384
Pedestrian -1 -1 -1.374049 755.320557 165.452927 797.791870 256.028473 1.810951 0.758854 0.930007 3.825999 1.504711 15.740436 -1.135605 0.994166
Pedestrian -1 -1 -1.417118 726.457336 169.973831 774.675903 289.017456 1.720950 0.723287 0.923112 2.522616 1.563564 12.133735 -1.212137 0.992823
Pedestrian -1 -1 0.157748 776.349854 162.658844 816.109253 240.290100 1.819928 0.736084 0.951075 5.169781 1.387055 18.963992 0.423891 0.991735
Pedestrian -1 -1 -1.600436 701.144348 174.235092 750.526123 285.848785 1.699663 0.745316 0.963037 2.030315 1.564657 12.389001 -1.437999 0.985029
Pedestrian -1 -1 -2.854369 358.424133 171.565231 411.712952 262.841248 1.751294 0.714638 0.906633 -4.490517 1.674593 15.117818 3.140083 0.979878
Pedestrian -1 -1 -1.780437 683.554260 174.549164 728.441772 267.347534 1.713805 0.820117 1.007349 2.221005 1.535159 15.400603 -1.637209 0.974745
Pedestrian -1 -1 -1.638450 668.279846 173.495056 701.367920 242.345047 1.790833 0.836387 0.954218 2.257374 1.489038 19.877947 -1.525373 0.942939
