Car -1 -1 -0.804619 712.638550 183.570282 830.918579 227.965714 1.494573 1.586102 3.879347 5.818396 1.806992 25.430541 -0.579695 0.999326
Car -1 -1 0.309280 832.615601 192.662109 1041.054199 266.193451 1.404958 1.547427 3.570086 7.323345 1.839150 16.052870 0.737280 0.998982
Car -1 -1 -0.762060 290.184631 179.516937 466.465332 251.584457 1.535980 1.606996 4.049212 -5.278773 1.668344 16.451833 -1.072545 0.998311
Car -1 -1 -0.846778 796.956543 186.580078 928.281982 242.418930 1.559664 1.630197 3.737726 7.438028 1.961502 21.356463 -0.511636 0.997269
Car -1 -1 -2.432517 -102.315132 180.827072 307.551666 308.935822 1.537209 1.679253 4.313484 -6.543933 1.512929 9.447670 -3.038294 0.996694
Car -1 -1 2.619736 959.689270 193.446793 1508.093872 361.979614 1.517237 1.630486 3.944507 6.190684 1.711460 7.599983 -2.979890 0.994473
Car -1 -1 -1.447512 640.502380 183.073135 674.111450 210.065445 1.342562 1.595473 4.047362 2.875482 1.920843 42.630067 -1.380162 0.992079
Car -1 -1 -0.980861 366.647278 178.990875 486.002289 228.926636 1.558299 1.656237 3.994787 -5.941985 1.759847 24.236336 -1.221288 0.988567
Car -1 -1 0.856889 444.853699 181.081696 531.771606 212.661407 1.440942 1.588873 4.073180 -5.644110 1.649408 32.853936 0.686756 0.905306
Car -1 -1 2.950345 169.905136 184.461868 414.051819 272.991211 1.425282 1.626075 4.147236 -5.972179 1.651663 13.767047 2.541042 0.896550
