Car -1 -1 1.016649 238.066086 194.729980 408.693817 282.900085 1.411606 1.676617 4.157047 -6.390861 2.070638 15.990484 0.636430 0.999935
Car -1 -1 -1.010092 771.366943 181.578003 1026.508789 331.516937 1.431169 1.596429 3.903392 3.625305 1.714380 9.393115 -0.641753 0.999933
Car -1 -1 -1.216800 716.172546 177.728714 841.781799 268.544556 1.526661 1.621588 4.113711 3.696184 1.842783 16.029090 -0.990169 0.999909
Car -1 -1 1.201604 362.847687 189.314209 456.695343 251.178635 1.485455 1.578288 3.832106 -6.723693 2.115214 23.638825 0.924489 0.999795
Car -1 -1 2.410460 -272.080292 207.382858 231.019073 425.255157 1.416228 1.595741 3.846073 -6.271430 2.052428 7.954070 1.742798 0.999474
Car -1 -1 1.327299 445.348450 185.389267 506.366913 226.208618 1.477342 1.558794 3.906553 -5.767322 2.035204 30.796063 1.142169 0.999199
Car -1 -1 1.181438 681.756470 180.969986 749.734314 230.334076 1.448102 1.537080 3.704999 3.819801 1.883121 27.834294 1.317820 0.999142
Car -1 -1 2.246188 998.728943 151.031723 1314.209595 258.192596 1.621917 1.659618 4.140351 8.500371 1.188103 11.309192 2.890734 0.997931
Car -1 -1 1.819044 499.878204 181.355331 538.884338 208.732544 1.553753 1.599284 3.713728 -5.571897 2.043893 44.764634 1.695209 0.997888
Car -1 -1 -1.441903 652.270935 180.551331 690.440735 210.680038 1.462990 1.642387 3.854407 3.515316 1.891971 41.887223 -1.358176 0.992653
Car -1 -1 -1.730636 660.342407 182.095703 712.523438 220.941376 1.424657 1.593442 3.950102 3.089709 1.906858 30.476840 -1.629602 0.951697
