Pedestrian -1 -1 0.586430 991.378784 143.339218 1127.233765 365.209137 1.733483 0.543502 0.803491 4.503630 1.506937 7.093782 1.152096 0.999511
Pedestrian -1 -1 2.848748 828.392761 145.815979 901.055542 271.172394 1.682881 0.523485 0.894455 3.658052 1.300044 10.165875 -3.089027 0.998217
Pedestrian -1 -1 -0.233085 271.973053 135.654068 329.377594 256.567810 1.929649 0.695123 0.703610 -5.470750 1.210279 12.483268 -0.646122 0.996057
Pedestrian -1 -1 2.845412 508.125214 147.733215 548.322266 231.769913 1.595804 0.587580 0.799862 -1.914103 0.971220 16.964826 2.733060 0.992079
Pedestrian -1 -1 -1.205381 473.437439 143.078506 509.145050 218.504913 1.746902 0.627202 0.843253 -2.901417 0.762640 17.879626 -1.366254 0.988772
Pedestrian -1 -1 3.109061 545.311157 145.468887 586.837158 231.127060 1.667468 0.667105 0.851454 -0.925098 0.925451 14.915008 3.047116 0.988385
Pedestrian -1 -1 -0.980195 646.203857 144.536499 676.551575 204.125778 1.762221 0.594810 0.672374 1.798652 0.681584 22.361039 -0.899931 0.980452
Pedestrian -1 -1 1.227556 452.042328 141.091736 488.468201 212.930450 1.764596 0.631365 0.999027 -3.653760 0.715352 18.876142 1.036355 0.957065
Pedestrian -1 -1 1.981085 426.315613 140.419662 463.775177 212.643066 1.782381 0.605977 1.045975 -4.253113 0.730961 18.686982 1.757299 0.955438
Pedestrian -1 -1 1.030305 594.017578 140.992020 621.558777 194.081451 1.756496 0.589076 0.740100 0.042463 0.338148 23.655448 1.032100 0.939166
Pedestrian -1 -1 3.118979 404.767670 140.953644 443.480591 206.267120 1.798562 0.608318 1.097297 -5.164063 0.680846 19.938365 2.865546 0.869349
Pedestrian -1 -1 -1.827249 251.582504 143.513916 302.311096 250.272964 1.810152 0.694502 0.737739 -6.992029 1.242965 14.840138 -2.267557 0.800355
Pedestrian -1 -1 -0.433542 631.411072 140.792389 660.249695 198.729843 1.791419 0.567968 0.608299 1.208650 0.433315 22.672410 -0.380283 0.793164
Pedestrian -1 -1 -0.505613 1058.018799 149.401779 1152.845093 345.878174 1.672964 0.430994 0.670022 6.438113 1.431891 9.021408 0.114215 0.766552
