Car -1 -1 -1.350884 651.272217 183.605988 712.044373 228.134613 1.331242 1.587734 3.916249 2.881961 1.865196 28.752618 -1.250985 0.999640
Car -1 -1 3.002519 36.844711 196.930511 316.090240 308.058563 1.371948 1.575274 3.663020 -6.662917 1.772167 11.170412 2.464693 0.999329
Car -1 -1 -0.029303 257.040039 179.975662 455.740295 248.983276 1.566384 1.593756 4.064451 -5.830943 1.674397 16.585517 -0.367374 0.998744
Car -1 -1 -2.956950 -288.769409 195.126144 186.051193 370.791931 1.460639 1.567865 3.519875 -6.631053 1.802926 7.743029 2.618043 0.998517
Car -1 -1 -0.751153 863.432495 182.956161 1230.622070 304.957214 1.486375 1.601478 3.833911 5.674720 1.486315 9.420306 -0.208976 0.998449
Car -1 -1 -2.389437 405.407166 180.586517 503.951630 220.122238 1.558876 1.646946 3.999229 -6.750941 1.978290 30.884082 -2.604642 0.996174
Car -1 -1 -2.288790 202.551575 183.564178 359.194366 241.834579 1.518819 1.613418 3.943938 -9.583329 1.868819 20.569045 -2.724796 0.976763
Car -1 -1 -1.571448 625.909546 173.054779 652.397339 198.011429 1.694422 1.663091 4.287672 1.913804 1.484445 48.550683 -1.532050 0.933744
Car -1 -1 1.666611 552.619263 176.703171 580.751953 200.765717 1.434598 1.538598 3.673607 -2.785909 1.789692 46.957627 1.607353 0.929937
Car -1 -1 -2.857391 340.744354 178.651749 477.591827 224.793839 1.564847 1.570269 4.069201 -6.769872 1.753893 24.740044 -3.124492 0.774847
Car -1 -1 -0.923938 454.634216 177.976837 527.939087 207.644669 1.532208 1.643997 3.942155 -6.314693 1.766179 39.390824 -1.082894 0.769888
