Pedestrian -1 -1 1.065935 379.330658 149.699249 485.283691 370.832916 1.806947 0.649013 0.838989 -1.730191 1.558551 7.032925 0.824712 0.998620
Pedestrian -1 -1 0.787563 313.864349 163.008530 425.237701 401.166382 1.683440 0.645034 0.726586 -2.244769 1.543131 6.791022 0.468320 0.998319
Car -1 -1 1.505976 565.158264 169.676971 599.860291 197.908691 1.533208 1.697944 4.157096 -1.134759 0.765241 39.794037 1.477468 0.995505
Pedestrian -1 -1 -1.458904 723.596497 153.933807 756.729065 224.518860 1.822989 0.762397 0.878947 3.762099 1.076379 19.510419 -1.268416 0.992558
Pedestrian -1 -1 2.133336 480.726440 163.486023 510.930878 219.972031 1.769014 0.652689 0.766273 -3.453469 1.159285 23.396369 1.986787 0.988244
Pedestrian -1 -1 -1.399317 677.768372 163.725586 709.359619 242.499832 1.678964 0.685866 0.896939 2.291358 1.314304 17.859341 -1.271714 0.987563
Pedestrian -1 -1 -1.833896 634.270752 157.888275 670.916382 237.413101 1.817799 0.779351 1.034432 1.222878 1.152549 18.550845 -1.768071 0.987550
Pedestrian -1 -1 -1.643056 705.716187 161.105209 736.107422 233.476944 1.696357 0.688463 0.863827 3.026135 1.108039 18.546742 -1.481319 0.985315
Pedestrian -1 -1 -1.291230 623.991028 158.707947 652.742859 222.093277 1.889959 0.785591 0.994224 1.162755 1.175327 23.784073 -1.242381 0.982801
Pedestrian -1 -1 -1.210283 736.482483 151.762970 774.163757 226.155487 1.858292 0.770404 0.916860 4.107928 1.084427 19.420645 -1.001831 0.971223
Pedestrian -1 -1 -1.878666 691.610107 162.255508 723.044312 234.844757 1.672885 0.717329 0.845055 3.132939 1.171291 21.432461 -1.733517 0.916027
Pedestrian -1 -1 1.378920 462.523987 162.583725 493.413300 219.247086 1.721317 0.682416 0.793149 -4.022734 1.110032 22.783722 1.204159 0.871911
