Pedestrian -1 -1 -2.757702 828.366455 151.174240 1012.104492 422.518829 1.743573 0.777348 1.085075 2.380207 1.536538 5.512722 -2.350115 0.999158
Pedestrian -1 -1 -2.246446 793.610779 166.286560 904.400574 359.390778 1.624016 0.678519 0.805246 2.365052 1.470084 7.047783 -1.922680 0.998825
Pedestrian -1 -1 -2.126293 616.755859 164.318832 714.377625 330.710632 1.675103 0.695921 0.917092 0.657207 1.421781 8.472802 -2.048882 0.998781
Pedestrian -1 -1 2.821272 696.726379 159.265625 783.128540 295.660614 1.760684 0.791738 0.969520 1.839996 1.427415 10.225420 2.999310 0.998598
Pedestrian -1 -1 2.993703 567.560181 161.127075 632.035706 274.057831 1.735329 0.761001 1.046684 -0.169848 1.363531 12.377716 2.979982 0.993546
Pedestrian -1 -1 -1.983262 479.069580 165.129654 556.267944 305.665527 1.699115 0.830682 0.967797 -1.184614 1.526966 10.024076 -2.100893 0.993113
Pedestrian -1 -1 -2.443228 661.706726 162.093750 744.130737 301.471771 1.699178 0.736073 0.904187 1.645664 1.505413 11.527074 -2.301421 0.988187
Pedestrian -1 -1 -1.784464 552.518616 159.864456 579.778503 217.061493 1.784408 0.778188 0.958002 -1.184555 1.104352 24.057454 -1.833663 0.972257
Car -1 -1 1.316113 459.847595 173.172211 537.291992 235.108658 1.537521 1.641674 4.098118 -3.556441 1.380154 23.363215 1.165048 0.929218
Pedestrian -1 -1 -2.355977 592.436523 157.510452 661.161316 286.513794 1.758284 0.646170 0.889168 0.350437 1.389030 11.550972 -2.325648 0.861657
