Car -1 -1 -1.159634 719.806396 187.924393 851.192444 284.284180 1.381503 1.533901 3.444938 3.858771 2.019018 15.742281 -0.919252 0.999928
Car -1 -1 -0.111741 784.326660 173.649582 969.313416 246.480057 1.712287 1.612310 3.839950 5.831607 1.714980 16.630692 0.225515 0.999442
Car -1 -1 -2.106063 705.360901 177.721848 782.997986 219.395355 1.565199 1.584673 3.829313 5.600070 1.646322 30.437682 -1.924113 0.999347
Car -1 -1 0.732656 -165.274689 195.799561 281.460052 341.386932 1.427338 1.587972 3.959030 -5.851838 1.682859 7.897687 0.094968 0.999129
Car -1 -1 -0.197207 101.899490 186.163406 373.820221 300.374512 1.488908 1.517538 3.389935 -5.757429 1.806270 11.123461 -0.674830 0.998644
Car -1 -1 -1.695913 636.308228 178.307114 668.181458 202.721161 1.435398 1.584299 4.162049 2.697663 1.901405 47.607346 -1.639308 0.998236
Car -1 -1 2.683859 341.163147 181.069824 467.818756 231.373169 1.416063 1.586728 3.764615 -6.841112 1.698187 24.032962 2.406538 0.997739
Car -1 -1 -0.238981 237.831970 184.347351 429.877594 256.308380 1.451255 1.588048 3.832684 -6.260347 1.670962 16.395949 -0.603719 0.996361
Car -1 -1 -0.670648 387.522217 177.139679 502.580750 220.319138 1.519473 1.613403 4.005170 -5.917591 1.481003 25.727608 -0.896726 0.986070
Car -1 -1 2.512283 442.860870 177.437073 535.318665 209.463364 1.538849 1.664151 4.304071 -5.745640 1.633635 33.825177 2.344027 0.920161
