Pedestrian -1 -1 2.694099 258.564056 140.789429 408.210388 451.502563 1.769567 0.653314 0.850972 -2.029647 1.500987 5.336334 2.330651 0.999341
Pedestrian -1 -1 -1.375364 720.417053 156.275116 756.284912 226.581573 1.792579 0.695001 0.896585 3.660785 1.085659 19.090962 -1.185909 0.997002
Pedestrian -1 -1 0.825834 457.039642 164.957779 490.395721 226.257629 1.787222 0.684639 0.809875 -4.141341 1.221668 23.129761 0.648663 0.992313
Car -1 -1 1.481252 553.206543 171.548889 589.373840 200.027115 1.518673 1.697960 3.964911 -1.748998 0.820164 39.386475 1.436875 0.990323
Pedestrian -1 -1 -1.785549 701.999695 162.010773 735.747070 238.076492 1.716950 0.706921 0.861780 2.993296 1.318348 18.492526 -1.625076 0.989972
Pedestrian -1 -1 2.117329 734.999023 155.043533 773.630066 224.514252 1.791584 0.672311 0.914360 4.096149 1.065114 19.450993 2.324885 0.988739
Pedestrian -1 -1 -1.751338 612.504395 160.140274 642.155518 221.857605 1.868743 0.835949 1.059784 0.786674 1.181618 23.538550 -1.717930 0.986721
Pedestrian -1 -1 0.786657 159.385880 163.249908 330.821381 535.577454 1.714692 0.613896 0.738906 -2.545628 1.713445 5.129266 0.325978 0.985712
Pedestrian -1 -1 -1.754354 635.134644 158.851074 673.718384 248.550797 1.772062 0.749505 1.065171 1.023671 1.272972 15.403676 -1.687996 0.983973
Pedestrian -1 -1 -1.374479 672.100891 160.974579 710.058228 251.420013 1.730720 0.706360 0.906646 1.908384 1.271322 15.084677 -1.248636 0.978653
Pedestrian -1 -1 1.453880 439.223633 165.549026 473.397369 225.487564 1.746787 0.699743 0.846861 -4.164896 1.137773 20.062852 1.249195 0.955193
Pedestrian -1 -1 -1.599845 654.729492 161.269333 691.419495 249.451263 1.733881 0.747082 1.039958 1.486197 1.276782 15.454558 -1.503974 0.856710
