Car -1 -1 1.363856 947.382996 165.076508 1090.635132 248.178772 1.510399 1.598575 3.837186 9.230426 1.363730 16.245381 1.880556 0.999900
Car -1 -1 -2.015826 421.752289 192.361618 553.212646 267.172821 1.342063 1.571432 3.805780 -2.865972 1.813285 16.416550 -2.188663 0.999827
Car -1 -1 -2.323769 565.598755 155.070251 903.616577 347.323822 1.818053 1.642568 3.866388 1.152890 1.529834 8.234189 -2.184661 0.999765
Car -1 -1 -1.775384 318.737732 186.590973 379.747589 226.892242 1.375885 1.636722 4.157011 -11.110565 1.977008 30.236226 -2.127527 0.999485
Car -1 -1 3.081480 493.027313 171.113831 586.573181 213.467468 1.770171 1.650884 3.828809 -3.292388 1.671830 31.480382 2.977274 0.999085
Car -1 -1 1.678282 112.150795 188.013779 160.029907 222.619324 1.604504 1.641007 3.907982 -25.264097 2.451781 38.393388 1.096281 0.999049
Car -1 -1 1.436197 836.549255 166.633102 933.790771 237.708160 1.601472 1.742657 4.097270 7.461200 1.525087 19.740071 1.797571 0.999049
Car -1 -1 2.110507 -90.591980 205.221802 76.319016 303.619324 1.380292 1.513469 3.264143 -12.809613 2.258413 15.392366 1.416434 0.974098
Car -1 -1 -1.534227 280.351440 179.542923 305.768677 203.652176 1.760513 1.708581 4.831614 -23.049205 2.236613 52.804055 -1.945801 0.961776
Car -1 -1 -0.828273 1052.078369 157.399277 1245.585938 225.948669 1.663095 1.562928 4.030260 12.853410 1.201332 17.434031 -0.192975 0.835669
