Pedestrian -1 -1 2.576967 711.692627 133.475922 792.723450 287.962646 1.897124 0.689347 0.996795 1.961313 1.413338 9.930984 2.771952 0.998715
Pedestrian -1 -1 0.615601 263.564148 136.046783 321.993164 252.501968 1.929440 0.744694 0.710041 -5.601923 1.199176 12.673480 0.199404 0.997451
Pedestrian -1 -1 1.113158 646.909058 144.842728 720.142944 296.884735 1.821479 0.651510 0.928255 0.982323 1.413621 9.878531 1.212272 0.997127
Pedestrian -1 -1 0.135735 562.194702 143.268356 624.540283 252.454468 1.792734 0.729328 0.969426 -0.213616 1.146716 12.373855 0.118474 0.995782
Pedestrian -1 -1 2.052019 490.039642 148.812027 532.375366 242.531509 1.653452 0.570092 0.861552 -1.920732 1.131973 14.555364 1.920817 0.995427
Pedestrian -1 -1 -0.201660 599.876831 144.500732 661.809753 249.958786 1.755000 0.738222 0.971431 0.408004 1.123366 12.457319 -0.168920 0.994976
Pedestrian -1 -1 2.097109 518.391479 141.625443 559.845398 242.228210 1.729570 0.562205 0.787136 -1.399788 1.127322 14.427546 2.000389 0.994350
Pedestrian -1 -1 -1.154933 536.376526 140.066299 582.927368 236.407440 1.736545 0.657680 0.930125 -0.978968 0.960235 14.909599 -1.220499 0.992871
Pedestrian -1 -1 2.075765 465.466614 143.072830 512.853271 246.184814 1.733865 0.557035 0.876311 -2.366474 1.151343 14.389236 1.912763 0.992696
Pedestrian -1 -1 -1.027089 444.201050 143.794662 492.262177 230.842712 1.745824 0.642551 1.016157 -3.099039 0.949377 15.809878 -1.220653 0.964390
