Car -1 -1 -0.859759 837.819031 189.382736 1047.286987 283.055481 1.461693 1.607465 3.568650 6.195541 1.860938 13.505428 -0.429657 0.999783
Car -1 -1 2.257954 382.624542 185.120316 498.751862 223.513214 1.487024 1.608799 4.289594 -6.161485 1.843860 27.297963 2.035962 0.999336
Car -1 -1 0.120312 932.983948 191.543472 1150.295166 296.639587 1.474909 1.585850 3.601194 8.032344 1.871170 13.327553 0.662705 0.999175
Car -1 -1 0.804504 728.586792 182.084595 870.406067 236.940140 1.523638 1.587668 4.186541 5.417810 1.875914 21.241318 1.054240 0.999071
Car -1 -1 -2.146834 -56.794514 193.001419 314.974457 322.218719 1.446154 1.622061 3.929458 -6.627267 1.757333 9.409599 -2.760446 0.998010
Car -1 -1 -2.208809 215.470840 172.939377 405.782104 256.342010 1.669374 1.731788 4.009199 -6.921521 1.713179 16.259186 -2.611272 0.997916
Car -1 -1 -3.037102 778.369629 185.116898 936.222656 250.398438 1.487983 1.611198 3.934302 6.790206 1.846672 19.327536 -2.699249 0.997030
Car -1 -1 -1.740827 633.832825 184.327301 675.600281 216.314041 1.397653 1.607783 4.134369 2.100177 2.137843 36.898019 -1.683970 0.996932
Cyclist -1 -1 1.442497 523.236267 179.735718 545.015015 224.440765 1.670418 0.550530 1.829941 -2.797249 1.854723 26.035884 1.335469 0.978824
Car -1 -1 -0.428856 986.240234 182.360550 1568.666016 364.737640 1.639386 1.615837 3.712196 6.374904 1.781733 7.567379 0.271221 0.972880
Car -1 -1 -2.852664 -335.932526 197.844070 149.512039 360.598053 1.510784 1.510581 3.760330 -8.092308 1.935406 8.938649 2.694776 0.850960
