Car -1 -1 -2.106779 745.986816 192.086044 934.237793 324.432800 1.393518 1.521677 3.292514 3.445708 1.933998 11.126308 -1.806456 0.999946
Car -1 -1 0.650337 714.250610 182.273056 815.846252 228.139206 1.502611 1.530901 3.465175 5.454236 1.797896 25.374850 0.862062 0.999610
Car -1 -1 -0.781073 818.388184 174.862289 1042.505493 261.411041 1.669488 1.599619 3.833066 6.107145 1.728235 13.798688 -0.364399 0.999610
Car -1 -1 -1.682728 635.366211 179.765488 669.820435 206.831314 1.429286 1.605940 4.139602 2.481481 1.887840 43.510621 -1.625758 0.999175
Car -1 -1 0.338816 140.676392 184.329895 387.485138 279.351715 1.478183 1.501704 3.478441 -6.389989 1.819689 13.270755 -0.109930 0.998571
Car -1 -1 0.421720 -253.237839 189.590759 294.193695 370.934998 1.474802 1.631783 3.868379 -5.852336 1.786738 7.641752 -0.231840 0.997799
Car -1 -1 3.058947 344.449615 177.870178 476.625458 228.246216 1.510515 1.674637 4.136879 -6.784873 1.715225 24.293620 2.786600 0.997428
Car -1 -1 2.435462 291.326355 183.836288 446.746735 245.014343 1.388191 1.659843 4.026118 -6.581265 1.780713 19.813685 2.114770 0.987944
Car -1 -1 2.726099 440.172272 180.456558 534.492798 211.452133 1.448954 1.613019 3.830904 -6.390076 1.769355 37.357617 2.556687 0.984091
Car -1 -1 -0.059969 706.797119 177.731537 782.954529 212.146378 1.638521 1.600646 3.753727 6.683524 1.832389 37.582188 0.116029 0.887852
Cyclist -1 -1 1.216039 551.393799 177.764786 570.449219 210.275040 1.678082 0.614931 1.675452 -2.704793 1.865736 37.829869 1.144661 0.764578
