Car -1 -1 -0.940730 732.929810 186.469025 967.973389 335.820404 1.412482 1.612413 4.097568 3.589287 1.935801 11.123401 -0.628599 0.999978
Car -1 -1 -0.901715 684.898071 176.270279 754.100952 208.445801 1.570460 1.620993 3.745963 5.724550 1.750908 37.797593 -0.751405 0.999564
Car -1 -1 0.098271 864.356140 182.542603 1038.074585 260.403564 1.462956 1.490061 3.331342 7.660687 1.634103 16.252299 0.538746 0.999246
Car -1 -1 -0.806087 743.770996 179.125839 828.452759 217.227509 1.524783 1.648883 4.032184 7.396399 1.657855 31.237265 -0.573588 0.998946
Car -1 -1 0.700931 61.655716 172.970581 378.063751 287.088806 1.686301 1.701848 4.521355 -6.030083 1.731043 11.356438 0.212804 0.998726
Car -1 -1 2.753063 345.868561 174.645065 488.134613 223.497086 1.447782 1.607256 4.239788 -6.412318 1.391571 24.040667 2.492403 0.992514
Car -1 -1 0.286776 -199.272125 170.876694 157.370865 304.607849 1.745951 1.602009 3.771796 -9.477547 1.797532 11.292975 -0.411440 0.990307
Car -1 -1 -1.050497 438.105896 172.038895 524.411499 208.802414 1.511546 1.727000 4.145400 -5.468266 1.487969 31.334985 -1.223267 0.938790
Car -1 -1 -1.543215 634.312012 174.645020 661.123352 197.814789 1.473149 1.660126 4.300503 2.537092 1.400399 47.886361 -1.490283 0.765315
Car -1 -1 -1.094084 838.893066 177.278870 907.411682 210.975189 1.528169 1.549765 4.356479 13.507175 1.737777 37.115720 -0.745062 0.758939
