Pedestrian -1 -1 -1.826630 871.972168 142.380615 975.319763 307.802216 1.762301 0.800220 1.285003 3.701349 1.295249 8.466483 -1.414491 0.996799
Pedestrian -1 -1 -1.802011 556.905640 163.269699 636.510559 275.190948 1.699393 0.900331 0.911835 -0.181933 1.257816 10.714902 -1.818989 0.996178
Pedestrian -1 -1 2.955597 421.678558 160.841644 483.102295 281.840607 1.774819 0.714359 0.907630 -2.561454 1.525102 12.054879 2.746228 0.993040
Cyclist -1 -1 1.787175 490.661194 170.214050 535.377441 259.982758 1.640937 0.668043 1.930949 -1.763880 1.442281 14.902020 1.669357 0.988546
Pedestrian -1 -1 0.774464 204.629013 154.705872 275.593933 287.328400 1.781270 0.559594 0.727922 -5.233342 1.431982 10.328132 0.305465 0.970345
Pedestrian -1 -1 0.917161 756.471375 145.522263 826.469727 266.028107 1.860779 0.671497 1.016665 3.204231 1.361305 12.360431 1.170810 0.966113
Pedestrian -1 -1 -1.420722 550.330383 164.685974 579.297485 220.924438 1.768821 0.882269 1.007168 -1.241654 1.164909 24.465729 -1.471430 0.941357
Pedestrian -1 -1 -1.387119 528.377747 165.580002 554.402527 218.018723 1.761328 0.848777 1.088188 -2.312970 1.228885 27.747067 -1.470285 0.889078
Pedestrian -1 -1 1.895952 656.537842 166.312454 687.535217 225.207916 1.764989 0.748358 1.025747 2.318192 1.213325 23.848260 1.992854 0.780449
Pedestrian -1 -1 1.809958 473.956940 166.834534 496.767975 218.580948 1.741678 0.680522 0.933401 -4.466375 1.216240 27.495305 1.648924 0.775030
