Pedestrian -1 -1 0.581141 818.902283 143.909195 904.403137 301.440063 1.732486 0.567167 0.897418 3.512055 1.364866 9.797077 0.925350 0.999372
Pedestrian -1 -1 0.524113 893.004456 142.757736 975.216675 299.358887 1.676622 0.473320 0.846141 4.457707 1.329248 9.755218 0.952737 0.999342
Pedestrian -1 -1 0.377515 731.943787 147.132858 825.143860 300.868103 1.772997 0.711922 0.868546 2.096932 1.409268 8.645691 0.615461 0.998151
Pedestrian -1 -1 1.106418 241.443481 134.619110 308.627411 263.523285 1.934228 0.746417 0.737512 -5.763260 1.222789 12.194106 0.664908 0.997940
Pedestrian -1 -1 0.245788 664.374756 140.814133 751.709167 301.930359 1.802196 0.811214 1.010052 1.433594 1.403087 9.876857 0.389928 0.997881
Pedestrian -1 -1 1.288491 492.654205 142.401733 550.448792 294.540283 1.779729 0.575672 0.933093 -1.256006 1.370231 9.706418 1.159806 0.997163
Pedestrian -1 -1 1.909162 531.313049 148.770798 586.048523 285.149384 1.660050 0.512960 0.842947 -0.661873 1.303966 9.669605 1.840820 0.997098
Pedestrian -1 -1 0.334998 976.122498 117.386810 1187.192871 470.196381 1.833315 0.717079 0.988799 3.638433 1.638509 5.368425 0.930633 0.997092
Pedestrian -1 -1 -1.230216 561.805786 143.911362 620.476990 279.591888 1.723018 0.518409 0.844857 -0.200163 1.210414 9.780161 -1.250680 0.996833
Pedestrian -1 -1 -2.023823 599.380249 151.212906 663.444885 277.068329 1.683293 0.583679 0.866564 0.317654 1.114297 10.028356 -1.992158 0.996830
Pedestrian -1 -1 3.097317 628.130127 142.766479 692.171753 276.101685 1.754215 0.579957 0.841599 0.684035 1.224068 10.037385 -3.117825 0.995358
Pedestrian -1 -1 0.526167 908.299866 145.970520 1081.135742 477.931274 1.767431 0.651337 0.962687 2.881747 1.651390 5.378462 1.018038 0.995211
Pedestrian -1 -1 0.138851 472.077576 141.361420 509.527435 228.614838 1.759107 0.625110 0.803469 -2.786839 0.829167 17.129857 -0.022425 0.982031
Pedestrian -1 -1 0.794402 275.701538 136.770432 334.939941 244.637726 1.916910 0.682416 0.699927 -6.346010 1.066921 14.895639 0.391658 0.843469
Pedestrian -1 -1 0.651189 1014.940857 131.113678 1130.833496 384.684937 1.803976 0.620456 0.584669 4.016018 1.275814 6.162608 1.228741 0.753972
