Pedestrian -1 -1 0.688778 869.315369 133.618057 1013.200012 367.483215 1.833601 0.745578 0.845729 3.280870 1.537511 6.974105 1.128496 0.999399
Pedestrian -1 -1 0.625845 780.311707 132.251236 927.445129 384.527863 1.815463 0.633693 0.914044 2.386276 1.546495 7.008699 0.954008 0.999355
Pedestrian -1 -1 -1.978909 598.733398 136.401047 642.527954 236.930328 1.848272 0.607436 0.816402 0.259275 0.991175 14.690721 -1.961262 0.997318
Pedestrian -1 -1 -0.169093 484.548004 141.383835 522.287415 221.589935 1.772766 0.601730 0.859521 -2.607058 0.787708 17.874072 -0.313928 0.994643
Pedestrian -1 -1 -1.105599 461.090149 143.587570 497.029144 221.547592 1.725179 0.575697 0.823058 -3.218893 0.770337 17.953460 -1.283005 0.993868
Pedestrian -1 -1 -1.095597 561.878174 139.159851 607.020813 237.837265 1.788368 0.609002 0.908106 -0.469508 0.987021 14.747299 -1.127423 0.992898
Pedestrian -1 -1 -3.047366 432.136505 141.959183 475.590118 225.714111 1.767724 0.652398 0.931195 -3.767693 0.808404 17.693067 3.026006 0.992592
Pedestrian -1 -1 -0.821644 260.450531 131.640900 319.015808 254.342484 1.958190 0.710771 0.668220 -5.581929 1.200231 12.564013 -1.239730 0.990806
Pedestrian -1 -1 -0.040712 519.078491 142.488007 559.314331 226.058258 1.748615 0.642760 0.960950 -1.704233 0.802109 17.701381 -0.136693 0.982300
Pedestrian -1 -1 -1.095179 681.020325 147.811142 709.105957 206.984406 1.704723 0.531479 0.608352 2.855796 0.698151 22.151847 -0.966967 0.962894
Pedestrian -1 -1 1.227489 538.973633 143.098923 582.112671 227.914078 1.764070 0.646569 1.023745 -1.017305 0.949973 15.527423 1.162066 0.941111
Pedestrian -1 -1 2.246731 402.097595 143.946167 442.052673 208.350037 1.754853 0.619292 0.993849 -5.236235 0.688189 20.139426 1.992363 0.809853
