Car -1 -1 -2.910155 736.191711 199.998337 1133.761963 422.501404 1.379363 1.617054 3.930398 3.430512 2.038120 8.026756 -2.506266 0.999942
Car -1 -1 -1.160762 669.966797 193.747879 829.555786 302.564819 1.390517 1.569973 3.785194 2.618331 2.015886 13.357281 -0.967194 0.999940
Car -1 -1 1.683209 266.207245 199.628632 398.137329 299.334534 1.467074 1.539915 3.466890 -4.770698 1.964590 12.393091 1.315745 0.999903
Car -1 -1 -1.280504 607.735413 182.850723 705.436035 261.240784 1.604044 1.630689 3.835958 1.334251 2.136674 19.597033 -1.212524 0.999789
Car -1 -1 1.131226 -71.208618 206.333130 328.966309 464.765350 1.441569 1.546751 3.500527 -4.012390 1.710140 5.984124 0.540570 0.999586
Car -1 -1 1.511475 386.267975 179.377838 454.797058 243.388702 1.862251 1.679983 4.345031 -5.767202 2.058739 21.527909 1.249727 0.999574
Car -1 -1 -1.494185 567.859802 187.593964 614.336731 228.235825 1.434808 1.544382 3.799723 -0.844632 2.049528 30.331031 -1.522025 0.999503
Car -1 -1 1.606352 447.196411 185.098801 481.407532 212.713257 1.475102 1.682625 4.035599 -8.301178 2.308113 40.946801 1.406332 0.996519
Car -1 -1 -1.510612 551.264282 183.821304 581.006958 210.895386 1.563772 1.675143 3.852791 -2.869946 2.179079 46.832314 -1.571817 0.863929
Car -1 -1 -1.954916 583.682556 188.717606 651.017151 239.565643 1.433445 1.596985 3.438636 0.106966 2.308228 28.325688 -1.951139 0.819651
