Car -1 -1 -1.100463 146.166351 189.182724 301.876465 264.388702 1.468590 1.561417 3.618443 -8.650074 1.604521 16.384238 -1.586221 0.999940
Car -1 -1 -1.378323 339.815918 172.029724 467.062561 259.003906 1.754140 1.723202 4.436430 -4.590165 1.472655 16.268368 -1.653327 0.999927
Car -1 -1 -2.167351 257.164368 181.305618 336.973022 224.078354 1.562228 1.590098 3.640324 -13.087148 1.502043 30.469313 -2.573043 0.999638
Car -1 -1 -2.033579 454.918884 182.052963 512.949402 221.453964 1.451335 1.605963 3.878019 -5.886228 1.547419 34.916398 -2.200589 0.998776
Car -1 -1 -1.681260 573.960938 176.023315 623.604675 221.984772 1.591308 1.747393 3.636222 -0.544973 1.145071 29.102236 -1.699984 0.998540
Car -1 -1 -2.348091 -207.095551 145.495438 141.279205 302.354187 1.785220 1.644502 3.594378 -7.812613 1.289854 9.154699 -3.054555 0.996654
Car -1 -1 -1.434488 503.592285 180.403931 539.776733 210.039978 1.529104 1.644047 3.832554 -5.147025 1.262774 43.311398 -1.552771 0.989841
Car -1 -1 -1.253468 112.303734 192.221405 214.484970 239.788467 1.457786 1.635713 3.818185 -15.775103 1.754704 25.351254 -1.810095 0.881965
Car -1 -1 -0.859781 318.360931 181.772797 382.730682 213.403046 1.443140 1.499946 3.408204 -13.419988 1.211867 37.230427 -1.205742 0.879653
Car -1 -1 -1.998034 415.662537 179.557068 464.497498 209.456680 1.391825 1.538873 3.831345 -9.567534 1.131134 41.319375 -2.225575 0.791839
