Pedestrian -1 -1 -0.643007 122.352730 162.900070 250.112961 368.079285 1.670166 0.574590 0.709232 -4.147129 1.584025 7.024078 -1.176350 0.999444
Pedestrian -1 -1 -0.778418 999.762573 153.353043 1087.621704 301.888977 1.589358 0.633786 0.688183 5.986546 1.437878 9.757387 -0.228102 0.999079
Pedestrian -1 -1 1.814061 499.971222 161.275513 535.288025 226.195465 1.719492 0.725073 0.820101 -2.189135 1.079193 18.908248 1.698797 0.994654
Pedestrian -1 -1 -1.858701 568.267456 156.272873 615.939453 234.442261 1.801577 0.914469 1.028678 -0.312839 1.125892 18.447836 -1.875657 0.992852
Pedestrian -1 -1 1.542161 543.229187 155.873291 573.911987 220.369827 1.832529 0.754222 0.862029 -1.256447 1.083423 19.790261 1.478758 0.991068
Pedestrian -1 -1 -1.800674 798.464539 148.722565 861.830933 249.063400 1.727678 0.764284 0.997532 3.908200 1.121851 12.610224 -1.500138 0.989538
Pedestrian -1 -1 2.903948 612.976807 158.955139 638.415405 204.606796 1.767098 0.805400 0.832441 0.940028 0.780732 28.878893 2.936487 0.963519
Cyclist -1 -1 1.355373 382.946106 163.799973 476.743195 301.512329 1.694179 0.794991 1.703108 -2.380667 1.344777 9.227118 1.102872 0.959224
Pedestrian -1 -1 -2.975595 -148.355927 180.477966 121.724548 563.191650 1.595089 0.756947 0.838819 -3.446221 1.607064 4.278293 2.629497 0.945473
Pedestrian -1 -1 -2.807189 594.987000 160.240967 626.570618 214.017471 1.768011 0.834727 0.891527 0.370341 1.084118 25.262587 -2.792530 0.835973
