Car -1 -1 3.016442 63.878082 203.027618 314.974792 336.310242 1.455935 1.541728 3.414235 -6.588089 2.149949 11.081394 2.480064 0.999953
Car -1 -1 1.871131 273.241119 195.768967 410.596405 273.004303 1.416310 1.639686 4.092848 -6.051642 2.081422 16.459084 1.518795 0.999910
Car -1 -1 -1.254720 692.343262 175.855927 790.156433 241.051529 1.444203 1.594247 3.721699 3.628309 1.505225 19.854462 -1.073970 0.999860
Car -1 -1 1.946276 388.848755 189.843292 475.748291 240.012497 1.406343 1.629799 4.165414 -5.852175 2.055525 24.547824 1.712245 0.999813
Car -1 -1 -3.044099 893.935486 152.288742 1063.285522 214.699905 1.705994 1.644054 4.135611 10.065336 1.034891 19.841553 -2.574640 0.996706
Car -1 -1 1.787892 484.380951 183.420471 527.520081 214.788376 1.567039 1.667435 3.977116 -5.631466 2.301201 39.723664 1.647065 0.996130
Car -1 -1 1.765499 446.310455 186.407166 499.804901 226.867432 1.498694 1.533825 3.634404 -5.671550 2.030456 30.108147 1.579308 0.995018
Car -1 -1 2.373445 1005.103271 137.070511 1308.373657 238.816162 1.655659 1.618802 4.043420 8.439904 1.006168 11.495625 3.006747 0.994661
Car -1 -1 -1.387770 661.018188 178.354767 707.931580 213.127640 1.481718 1.600940 3.754517 3.703729 1.725572 36.282506 -1.286042 0.980420
Car -1 -1 2.263364 830.069336 158.056259 985.784973 213.450211 1.656524 1.757645 4.588415 8.715701 1.063070 21.229733 2.652925 0.972296
Car -1 -1 -1.370856 677.319153 176.524872 748.215210 226.927643 1.503609 1.636032 4.030855 3.858413 1.584817 28.258311 -1.235154 0.954387
Car -1 -1 1.792266 516.214539 178.944489 553.000793 204.037369 1.602322 1.608238 3.944632 -5.274598 2.095966 50.111863 1.687396 0.947444
Car -1 -1 2.207621 -363.781342 216.541885 131.057770 441.402283 1.416460 1.569566 3.679623 -6.765350 2.047235 7.435968 1.469410 0.779163
Car -1 -1 -2.445784 947.981934 141.338028 1155.659668 217.608429 1.706688 1.696865 4.160759 10.186923 0.923838 16.972142 -1.905207 0.773463
