Pedestrian -1 -1 -1.985433 308.647827 151.330780 457.833221 434.363220 1.758380 0.704890 1.089628 -1.719408 1.545530 5.442940 -2.291409 0.998262
Pedestrian -1 -1 -1.820287 215.674530 169.279999 321.724152 373.175415 1.675167 0.675703 0.908642 -3.345481 1.607574 7.016892 -2.265183 0.997473
Pedestrian -1 -1 -1.301093 150.405716 175.637070 229.452744 328.727570 1.690910 0.744850 0.826179 -5.721034 1.700637 9.973920 -1.821874 0.996921
Pedestrian -1 -1 -1.043368 407.959076 159.364197 488.944092 311.340363 1.759996 0.739730 0.907388 -2.149022 1.426993 9.974287 -1.255580 0.996716
Pedestrian -1 -1 -0.009326 529.835938 167.027130 555.468262 216.268768 1.806898 0.851590 0.907820 -2.086732 1.186806 25.282797 -0.091675 0.973823
Pedestrian -1 -1 0.129912 552.822571 168.740158 577.744568 217.476685 1.803360 0.847735 0.807870 -1.278862 1.213956 25.414340 0.079634 0.955645
Pedestrian -1 -1 -1.833513 296.174561 166.768951 381.069061 339.514740 1.730532 0.708157 0.982299 -3.385985 1.628089 9.011737 -2.192924 0.947465
Cyclist -1 -1 1.664590 479.442169 162.085846 510.159729 224.127625 1.795441 0.717476 1.646520 -2.955450 1.116666 19.909623 1.517223 0.943722
Pedestrian -1 -1 2.884903 644.391907 160.690811 678.940796 221.189087 1.788424 0.823066 0.956944 1.885195 1.150278 23.071894 2.966432 0.916608
Pedestrian -1 -1 1.857949 664.687866 157.275711 701.008301 218.419693 1.795277 0.781326 0.955029 2.280751 0.881369 20.305535 1.969802 0.908660
