Pedestrian -1 -1 0.913001 794.485840 134.274796 888.378723 331.377991 1.850343 0.632749 0.902249 2.727351 1.461237 8.368825 1.228041 0.999074
Pedestrian -1 -1 0.394235 695.791870 144.658920 790.940979 344.467529 1.795102 0.648699 0.869981 1.610647 1.470713 8.336267 0.585093 0.998962
Pedestrian -1 -1 2.757849 598.328613 142.549835 668.114075 263.530487 1.796277 0.768547 0.938093 0.398750 1.303379 12.104061 2.790781 0.996682
Pedestrian -1 -1 1.223121 256.284332 137.200851 318.402466 256.111694 1.895500 0.746950 0.709229 -5.670324 1.192163 12.451820 0.795801 0.996272
Pedestrian -1 -1 1.292495 635.242981 144.567596 706.546082 262.173370 1.789342 0.798813 0.876540 0.899776 1.346746 10.716478 1.376260 0.995730
Pedestrian -1 -1 -1.941816 559.408813 144.957275 614.557129 255.739059 1.716099 0.617988 0.861136 -0.386103 1.118964 12.044641 -1.973861 0.995695
Pedestrian -1 -1 1.937202 496.771301 148.469269 548.375916 256.546204 1.680519 0.558832 0.857700 -1.382065 1.112383 11.856301 1.821158 0.995647
Pedestrian -1 -1 1.085348 524.112061 143.121933 576.663574 256.243683 1.731102 0.534452 0.861989 -0.970826 1.119253 11.880401 1.003812 0.995617
Pedestrian -1 -1 -2.164504 766.656860 143.145660 822.460327 254.733856 1.736153 0.507567 0.863976 3.213310 1.113262 12.248569 -1.907944 0.994506
Pedestrian -1 -1 -0.040237 469.066315 143.036163 522.790771 259.163544 1.760165 0.574968 0.912492 -1.931608 1.137230 11.953513 -0.200445 0.992613
Pedestrian -1 -1 0.184244 1098.425171 184.428467 1156.912842 262.642151 1.774402 0.553922 0.969218 12.134353 1.814631 16.437449 0.820159 0.981956
Pedestrian -1 -1 -1.171135 449.425934 143.960266 485.857086 221.110535 1.746662 0.614956 0.863321 -3.541324 0.773911 18.139228 -1.363940 0.975700
Pedestrian -1 -1 0.420534 730.089966 133.677307 837.811279 331.703857 1.845679 0.558613 0.854389 2.035836 1.523846 7.920845 0.672112 0.883961
Pedestrian -1 -1 -1.189621 683.139221 146.155304 709.858276 202.355698 1.738948 0.601907 0.651966 2.995971 0.460165 23.092963 -1.060606 0.796408
