Car -1 -1 1.445644 358.062012 145.302826 482.484131 245.166290 2.167809 1.988806 4.721206 -4.275622 1.224836 16.567500 1.193082 0.999863
Pedestrian -1 -1 -0.505966 0.562743 149.102234 192.009445 430.847809 1.741592 0.740421 0.948582 -3.919699 1.541544 5.533056 -1.122318 0.999300
Pedestrian -1 -1 2.436123 1006.136230 121.818008 1171.893066 358.597198 1.836175 0.725088 0.967897 5.288724 1.421993 7.798158 3.032069 0.998755
Pedestrian -1 -1 2.839851 210.091934 156.836243 289.848969 294.523315 1.821320 0.812016 0.847402 -4.964552 1.445585 10.106222 2.383238 0.998414
Pedestrian -1 -1 -1.834285 757.010132 151.014023 860.991699 298.089691 1.798941 0.961667 1.058313 2.380513 1.431144 8.648464 -1.565684 0.995285
Pedestrian -1 -1 -1.938956 156.089050 160.630325 236.116394 274.339294 1.780402 0.834467 1.019015 -7.082612 1.379616 12.414654 -2.457405 0.993490
Pedestrian -1 -1 -1.215533 592.940186 160.112946 624.271912 218.483826 1.781762 0.749228 0.824631 0.272757 1.123767 23.144995 -1.203749 0.990994
Pedestrian -1 -1 -0.134545 504.443634 159.158127 536.180481 219.147644 1.834609 0.756276 0.938262 -2.659302 1.143771 23.334214 -0.248021 0.989868
Pedestrian -1 -1 1.178722 614.567749 159.537170 645.593628 219.448807 1.769838 0.720997 0.826837 0.814648 1.115068 22.932698 1.214230 0.988450
Pedestrian -1 -1 0.616356 1135.700317 125.027710 1221.255371 263.529602 1.839399 0.690949 0.609714 9.043118 1.004194 11.207368 1.295284 0.969820
Pedestrian -1 -1 0.447707 735.474548 178.954681 770.619812 244.784073 1.576804 0.650179 0.665422 3.942848 1.548100 18.774199 0.654713 0.872667
