Pedestrian -1 -1 -2.976770 348.816437 157.012100 429.138397 319.728027 1.813675 0.684844 0.789688 -2.564370 1.486511 8.646613 3.018103 0.998369
Pedestrian -1 -1 -1.813762 924.253052 134.551056 1055.920776 341.409698 1.773645 0.764261 1.125777 3.570262 1.085709 6.719631 -1.325375 0.998276
Pedestrian -1 -1 0.371737 816.330627 132.710556 917.893799 326.030029 1.903082 0.706336 0.803670 2.983243 1.184563 8.089174 0.725057 0.997904
Pedestrian -1 -1 -2.597464 4.278129 160.971893 126.648621 335.118835 1.723160 0.646738 0.926061 -6.747148 1.496521 8.969012 3.040767 0.997581
Pedestrian -1 -1 -2.795442 577.566284 159.091507 666.725769 292.427063 1.770704 0.941981 0.960456 0.297209 1.423507 10.289167 -2.766565 0.997413
Cyclist -1 -1 1.385270 447.449860 174.493332 509.544617 292.034393 1.692262 0.658843 2.231297 -2.189168 1.549576 12.178139 1.207407 0.992772
Pedestrian -1 -1 -1.355808 515.696411 164.927521 543.816223 221.466309 1.866952 0.838890 0.920134 -2.421590 1.233627 24.448744 -1.454534 0.989532
Pedestrian -1 -1 -1.752387 546.337524 165.454941 573.852417 225.220642 1.776371 0.770342 0.889252 -1.440565 1.226302 23.344720 -1.814017 0.988143
Pedestrian -1 -1 -1.440327 577.245056 166.899765 602.462219 222.227081 1.710115 0.724278 0.973761 -0.407780 1.168933 24.018166 -1.457304 0.967111
Pedestrian -1 -1 2.753743 647.440735 165.857147 675.196594 216.731827 1.766840 0.817220 0.892708 2.297519 1.207857 28.168463 2.835126 0.819758
Pedestrian -1 -1 0.079628 528.112915 166.268539 558.215332 225.491333 1.811283 0.779518 0.932221 -1.954096 1.449755 23.793137 -0.002316 0.797403
