Car -1 -1 -1.926595 769.693848 187.393509 970.330994 322.983795 1.451432 1.551432 3.635682 3.861590 1.808128 11.254199 -1.596058 0.999968
Car -1 -1 -1.356291 721.336426 178.390503 837.852478 268.660645 1.549322 1.577979 3.614929 3.685541 1.854622 15.962288 -1.129377 0.999820
Car -1 -1 -2.693157 285.374664 182.301651 450.084412 240.170502 1.451424 1.634017 4.088274 -6.821907 1.812814 20.348368 -3.016636 0.998939
Car -1 -1 3.014886 132.036346 183.539352 390.373322 268.593140 1.466004 1.573868 3.840643 -6.687047 1.641425 13.444875 2.553346 0.998850
Car -1 -1 -1.774544 678.092590 182.989426 730.428894 222.460632 1.380471 1.510404 3.623895 4.578566 2.086575 34.691155 -1.643322 0.998823
Car -1 -1 2.711047 373.817902 180.239700 501.314575 231.537537 1.509595 1.526968 3.565192 -5.710146 1.743726 23.877600 2.476313 0.998293
Car -1 -1 0.854529 -348.223877 180.348328 255.731247 385.006622 1.547361 1.660114 3.943242 -5.022127 1.496937 5.830662 0.143494 0.996594
Car -1 -1 -0.876448 440.327118 182.429459 529.155701 220.058578 1.437938 1.578167 3.910975 -5.284537 1.927509 30.625371 -1.047320 0.989168
Car -1 -1 3.046693 473.130188 179.352524 550.431824 211.014847 1.443560 1.555932 3.772727 -5.017459 1.727175 36.552529 2.910278 0.980132
Car -1 -1 1.555267 647.122375 165.168945 677.734985 199.120117 1.881356 1.626150 3.323097 2.793819 1.351057 39.296796 1.626243 0.939208
