Car -1 -1 -2.951178 -151.453232 207.832626 246.953430 405.869629 1.542252 1.571659 3.534096 -5.998552 2.111611 7.967967 2.686695 0.999884
Car -1 -1 1.319630 437.153137 188.054947 489.566528 226.998520 1.417137 1.532240 3.679700 -7.170970 2.247428 35.209271 1.118710 0.999453
Car -1 -1 -1.685861 648.403931 175.438980 694.474792 210.884644 1.498118 1.690342 3.693959 3.121982 1.681075 36.370042 -1.600231 0.998970
Car -1 -1 -1.992401 169.517944 198.414307 248.336014 231.637634 1.484992 1.694784 3.968312 -18.917839 2.664614 33.846001 -2.502081 0.998929
Car -1 -1 1.450554 493.449127 180.067520 529.433105 209.854477 1.681338 1.646593 3.970314 -6.115016 2.087520 44.551854 1.314150 0.997054
Car -1 -1 -2.151666 217.996155 196.935516 304.100250 230.009399 1.452207 1.640587 4.359329 -16.420776 2.608563 33.983765 -2.601779 0.989036
Car -1 -1 1.402435 463.344116 186.518707 507.577942 218.738571 1.458990 1.550165 3.807400 -6.598600 2.301089 38.262444 1.231659 0.988327
Car -1 -1 -1.153599 612.769592 174.182327 661.475464 198.144302 1.592604 1.606884 4.262936 1.800546 1.473903 47.124100 -1.115409 0.910789
Car -1 -1 2.098461 87.238243 202.454117 159.234680 232.944489 1.566018 1.644376 3.684868 -27.398808 3.209724 40.596101 1.504772 0.875591
Car -1 -1 -1.119700 138.604660 199.713058 210.558884 232.531326 1.504946 1.627636 3.729915 -23.332757 3.018074 38.537423 -1.664122 0.810683
