Pedestrian -1 -1 -2.550076 289.170654 158.098175 340.124695 271.432922 1.850145 0.665311 0.504452 -4.844905 1.416151 12.241999 -2.926922 0.999388
Pedestrian -1 -1 1.106575 480.389923 170.906067 520.176819 243.864243 1.619946 0.680755 0.664841 -2.616542 1.348212 18.031354 0.962470 0.989185
Car -1 -1 -1.034554 781.019104 157.383499 1263.198853 494.384857 1.642653 1.604031 3.829206 3.489443 1.717297 5.864904 -0.497841 0.988312
Pedestrian -1 -1 1.428514 539.687988 168.187622 576.006165 230.239075 1.731716 0.825374 0.938890 -1.268168 1.329680 19.830941 1.364652 0.983433
Pedestrian -1 -1 1.909731 587.641113 174.448029 636.472900 237.532364 1.535310 0.965953 0.962124 0.272961 1.292415 18.659884 1.924358 0.982427
Pedestrian -1 -1 -1.468274 617.686279 165.841553 648.689087 215.073013 1.700172 0.932100 0.927427 1.157696 1.115146 25.083296 -1.422153 0.979305
Pedestrian -1 -1 -1.697009 650.775574 164.005600 675.567505 205.905136 1.773444 0.836589 0.859170 2.517425 0.863827 30.161114 -1.613736 0.949014
Pedestrian -1 -1 1.787149 574.118591 168.447189 603.547668 216.174606 1.689725 0.892199 0.823464 -0.466414 1.155400 25.568852 1.768909 0.924775
Pedestrian -1 -1 1.720589 559.232422 169.369873 593.659912 225.862366 1.682260 0.817778 0.914486 -0.719251 1.320683 21.040860 1.686419 0.880643
Pedestrian -1 -1 -1.289438 635.109436 163.634445 660.368958 207.442154 1.805542 0.843449 0.886698 1.932528 0.871482 30.081683 -1.225283 0.862955
