Car -1 -1 -1.793651 425.082672 173.763443 517.675110 240.456268 1.496179 1.624708 3.986080 -3.859591 1.273004 20.037114 -1.983943 0.999849
Cyclist -1 -1 -0.035712 681.269104 161.046417 720.350098 197.397293 1.785847 0.611874 1.952471 4.779643 0.739252 35.718186 0.097314 0.989357
Cyclist -1 -1 0.038130 888.601746 144.968445 947.785950 201.006119 1.775359 0.583630 1.738342 10.385545 0.660052 23.468783 0.454751 0.984775
Pedestrian -1 -1 0.085826 529.717896 162.862732 561.444031 213.021667 1.807388 0.666196 1.048234 -2.035819 1.126420 24.720716 0.003658 0.979618
Cyclist -1 -1 -0.685757 295.655670 170.591034 360.298920 228.065369 1.711981 0.592448 1.766305 -8.111115 1.348766 20.716743 -1.058935 0.977983
Pedestrian -1 -1 0.996205 408.961334 161.516403 442.200256 219.673950 1.820407 0.570401 0.886385 -6.086901 1.160932 23.622869 0.744021 0.976905
Cyclist -1 -1 -0.204063 819.298645 147.515839 872.496094 198.018082 1.822331 0.578709 1.788684 8.253261 0.673074 24.679433 0.118664 0.976141
Car -1 -1 0.602290 1048.034058 146.361725 1163.989136 182.975998 1.498536 1.629789 4.033415 21.393941 0.072750 30.214896 1.218404 0.940094
Pedestrian -1 -1 -0.070700 246.620224 177.318146 276.444275 222.817490 1.646783 0.484855 0.888925 -12.348063 1.479959 25.309094 -0.524613 0.874244
Cyclist -1 -1 0.628102 326.048157 169.641052 383.204926 225.875885 1.744711 0.578617 1.488052 -7.498686 1.352675 21.000134 0.285136 0.848289
