Car -1 -1 -2.075814 162.347641 161.721024 414.273315 307.647308 1.803114 1.765998 4.792757 -4.963298 1.601127 11.139614 -2.494965 0.999948
Car -1 -1 -2.086943 422.113464 180.963959 494.080322 229.696899 1.446741 1.597681 3.922220 -5.740458 1.439185 28.454152 -2.286015 0.999764
Car -1 -1 -1.361758 575.608643 172.621704 626.367004 220.483871 1.592561 1.727337 3.719872 -0.242306 1.144188 33.654076 -1.368958 0.999274
Car -1 -1 -0.877144 -52.102097 189.932419 160.222748 262.151947 1.499881 1.581785 4.088445 -12.589442 1.633178 16.614073 -1.525592 0.998708
Car -1 -1 -1.814153 408.635101 181.739014 450.553375 210.493225 1.378596 1.555680 3.498889 -10.383257 1.172539 41.679864 -2.058302 0.971178
Car -1 -1 -0.921410 -275.091949 185.608566 113.491890 341.093933 1.499286 1.620192 4.039993 -8.084799 1.582654 9.142722 -1.645477 0.962231
Car -1 -1 -1.621214 522.958923 175.760117 551.143799 202.802719 1.648708 1.637495 3.665611 -4.604473 1.134708 46.244218 -1.720456 0.887674
Car -1 -1 -2.061070 314.073608 178.475571 377.298920 212.863785 1.486375 1.524390 3.863667 -13.090822 1.121558 36.044148 -2.409445 0.850615
Car -1 -1 -1.389817 485.875549 179.172760 529.495483 212.641144 1.544692 1.701548 4.071174 -5.174375 1.200216 37.872002 -1.525604 0.840301
Car -1 -1 -1.816771 365.126556 180.176987 406.425385 205.395493 1.366353 1.529257 3.639248 -13.701186 1.096777 44.029652 -2.118454 0.813387
