Car -1 -1 -2.298118 770.449951 194.740356 1036.413330 366.067657 1.374987 1.529137 3.259484 3.585161 1.840740 9.271674 -1.929148 0.999968
Car -1 -1 0.864724 65.470329 181.780060 355.840820 300.062714 1.570810 1.588288 3.600312 -6.387171 1.703095 11.118205 0.343282 0.998699
Car -1 -1 -0.154276 714.141479 177.524704 827.909668 222.896912 1.518579 1.532614 3.690939 5.521070 1.730072 25.288960 0.060670 0.998357
Car -1 -1 -1.705444 635.286011 176.773178 670.780640 203.534378 1.417575 1.606571 4.063997 2.451616 1.752030 43.001622 -1.648494 0.997846
Car -1 -1 -0.860118 877.437317 175.387955 1101.672119 266.314972 1.610810 1.517907 3.656195 7.311434 1.696546 13.728400 -0.370749 0.996875
Car -1 -1 -2.479271 428.630157 175.616196 520.771423 208.341751 1.530297 1.629102 4.011791 -6.271796 1.585415 33.155530 -2.666225 0.995708
Car -1 -1 -1.106621 773.755188 180.316742 869.889465 235.647354 1.441751 1.558606 3.503287 6.768254 1.696253 23.055642 -0.821081 0.994991
Car -1 -1 -2.690060 311.230469 174.768219 451.342285 226.968933 1.572646 1.702531 4.165455 -7.603989 1.715204 24.068263 -2.996071 0.989963
Car -1 -1 -2.257573 235.046066 178.906311 417.164246 250.747070 1.464982 1.637165 4.033447 -6.492590 1.605590 16.302485 -2.636577 0.983940
Car -1 -1 0.839184 -368.937042 172.360550 262.885895 397.022858 1.612421 1.606883 3.981024 -5.152507 1.553799 5.839940 0.116242 0.959509
Cyclist -1 -1 1.757155 545.597168 174.427597 564.674316 208.581802 1.668657 0.579914 1.820810 -2.544490 1.658623 33.408608 1.681139 0.886868
Car -1 -1 -1.937270 814.632996 179.146179 919.416199 231.449478 1.481799 1.644320 3.956971 8.519556 1.731305 23.912120 -1.595006 0.851259
Car -1 -1 0.936971 868.435547 172.588455 1008.876343 237.685181 1.633436 1.661487 3.993613 9.208463 1.598474 20.567664 1.357924 0.838913
