Pedestrian -1 -1 -2.417575 740.954041 164.840363 873.790955 396.302216 1.719033 0.795346 0.825890 2.016142 1.649776 7.051863 -2.139101 0.999141
Car -1 -1 1.460448 506.622009 171.201126 567.083313 223.470734 2.070700 1.833329 4.725944 -2.627737 1.434723 27.663918 1.365744 0.998619
Pedestrian -1 -1 -2.848605 823.367554 145.129028 989.484985 399.006256 1.823386 0.944332 0.980176 2.340963 1.502516 5.636374 -2.454952 0.998549
Pedestrian -1 -1 -0.443998 142.589005 163.938828 303.340546 392.013062 1.798414 0.903288 0.988303 -3.846736 1.514835 7.100834 -0.940469 0.998144
Pedestrian -1 -1 0.126280 1155.848022 153.830048 1214.383789 242.920532 1.797632 0.570845 0.857346 12.424333 1.241968 15.298687 0.808366 0.997000
Pedestrian -1 -1 -2.876167 1076.868774 160.356949 1194.517944 354.746429 1.587712 0.528475 0.750608 5.211353 1.449273 7.032765 -2.238444 0.995412
Pedestrian -1 -1 3.008073 731.502991 172.985840 784.546875 259.882812 1.718630 0.736843 0.958847 3.313637 1.498729 15.616635 -3.066027 0.987200
Car -1 -1 1.638643 574.841919 174.079224 610.082397 209.775909 1.833841 1.631809 3.145657 -0.508355 1.430544 39.175473 1.625667 0.951076
Pedestrian -1 -1 -1.302207 470.197205 177.882080 496.591187 228.439697 1.704072 0.704790 0.902023 -4.049240 1.543237 24.636899 -1.465107 0.926208
Cyclist -1 -1 1.042245 316.284851 176.516632 380.747772 265.411041 1.724267 0.479330 1.737172 -6.229734 1.672142 17.911883 0.707533 0.917078
Pedestrian -1 -1 1.120288 848.376404 163.076736 873.334839 217.123947 1.738518 0.572344 0.542180 8.561586 1.107882 23.827183 1.465242 0.878328
Pedestrian -1 -1 -0.755105 1119.220337 157.026947 1210.297607 286.412872 1.663100 0.673867 0.766736 9.386342 1.347063 11.986278 -0.090760 0.812885
