Pedestrian -1 -1 -2.554299 652.215820 164.378098 762.648071 339.519073 1.744537 0.949260 0.950893 1.226309 1.573994 8.620113 -2.412986 0.998239
Pedestrian -1 -1 1.928833 466.428131 170.857498 496.207489 237.678116 1.739447 0.644817 0.789282 -3.205267 1.394267 19.299775 1.764258 0.995745
Pedestrian -1 -1 0.768809 949.390198 143.300995 1020.501587 270.074188 1.838691 0.719862 0.618292 6.275509 1.337538 11.762035 1.258926 0.995734
Cyclist -1 -1 2.327998 172.235886 162.136185 438.259796 534.383789 1.709231 0.561923 1.746385 -1.846823 1.713145 4.613016 1.947190 0.994581
Pedestrian -1 -1 -0.017104 491.608002 170.773285 524.188843 235.207672 1.786180 0.739382 0.968827 -2.611114 1.404384 19.906476 -0.147528 0.991790
Pedestrian -1 -1 -0.857227 916.527466 134.115723 991.966187 275.066193 1.953644 0.765161 0.689899 5.678943 1.243221 11.621078 -0.402680 0.990541
Pedestrian -1 -1 -1.865903 589.689209 171.560806 617.192200 230.913742 1.745362 0.689113 0.898095 0.013117 1.491614 23.249457 -1.865339 0.988114
Pedestrian -1 -1 -1.651807 579.285645 169.508408 605.522949 226.272522 1.791690 0.783607 0.999318 -0.366538 1.481519 24.285767 -1.666898 0.984411
Pedestrian -1 -1 2.645856 22.214293 131.541931 271.743713 594.099487 1.784449 0.696208 0.886278 -2.631988 1.558906 4.059894 2.070684 0.981803
Pedestrian -1 -1 -1.593745 553.890442 170.439484 582.857910 235.195099 1.778001 0.810508 1.026039 -0.975271 1.410000 19.987088 -1.642501 0.971452
Pedestrian -1 -1 2.804184 70.835182 142.911011 209.467041 474.520996 1.753142 0.628386 0.567257 -3.079940 1.425385 4.701079 2.224192 0.951949
Pedestrian -1 -1 -1.644081 566.153870 168.650192 593.353882 227.034775 1.838129 0.851417 1.045962 -0.768168 1.289123 23.973694 -1.676112 0.935241
Pedestrian -1 -1 -0.882551 1107.365234 136.884705 1319.007568 419.896118 1.678115 0.773806 0.709091 4.679648 1.378130 5.739110 -0.198492 0.898677
Car -1 -1 1.478559 521.341003 176.158813 547.799011 204.018463 1.611367 1.516295 2.855333 -4.372677 1.348555 46.171399 1.384136 0.884504
Pedestrian -1 -1 0.024877 605.178284 171.854874 631.979065 226.476624 1.728561 0.689071 0.815742 0.667458 1.494407 24.097682 0.052568 0.801076
Pedestrian -1 -1 -1.916001 635.957703 172.441803 659.290955 221.847916 1.687968 0.703869 0.807701 1.785068 1.315382 27.798693 -1.851874 0.777037
