Car -1 -1 -0.985238 730.885986 190.448425 899.986206 302.203278 1.386919 1.549481 3.402394 3.699993 2.001840 13.277293 -0.713462 0.999949
Car -1 -1 0.595928 -67.237762 183.476334 309.602173 320.752869 1.540104 1.544560 3.450628 -6.222839 1.640837 9.179524 0.000186 0.998648
Car -1 -1 2.860675 203.283813 174.802216 408.726410 255.269440 1.525572 1.632222 3.942728 -6.611730 1.613588 15.864959 2.465813 0.998646
Car -1 -1 2.201565 707.980774 174.549118 815.384827 220.112305 1.558147 1.558826 3.852113 5.363436 1.469771 25.163144 2.411569 0.998314
Car -1 -1 -0.850575 809.243469 183.160873 948.176392 240.899902 1.371216 1.537903 3.686737 7.520412 1.757085 20.161324 -0.493549 0.996958
Car -1 -1 2.302848 424.605530 174.645279 513.253723 208.560455 1.483986 1.587502 3.873425 -6.159734 1.508837 31.957280 2.112434 0.995797
Car -1 -1 0.516295 65.890343 173.281586 357.332458 273.597687 1.633548 1.595937 4.051462 -6.655315 1.700176 12.220853 0.017617 0.968309
Car -1 -1 -0.698857 368.435211 174.740540 482.084595 216.974777 1.533247 1.622943 3.811200 -6.656038 1.440458 26.227854 -0.947388 0.941879
Car -1 -1 -1.033164 478.509094 170.237579 539.678101 201.338058 1.626942 1.582980 3.814377 -5.493542 1.311964 39.281449 -1.172114 0.912477
Car -1 -1 -1.516529 636.196472 161.297943 677.192993 207.419312 1.779383 1.572060 3.293852 1.977087 1.192591 29.898280 -1.450498 0.861801
Car -1 -1 -1.146053 -289.392639 177.573608 192.731384 379.996338 1.577565 1.621853 4.063919 -6.570894 1.715440 7.558352 -1.861677 0.849601
