Pedestrian -1 -1 -2.450436 1025.223022 101.516655 1263.183716 481.728973 1.796206 0.789899 0.858967 4.606404 1.556273 6.232450 -1.813947 0.998226
Pedestrian -1 -1 -1.165982 448.494568 165.257950 499.308319 280.005280 1.683997 0.630247 0.729664 -2.168419 1.349459 11.937110 -1.345676 0.997100
Pedestrian -1 -1 1.286902 483.920837 156.158051 533.922913 274.006165 1.763213 0.632197 0.788630 -1.583281 1.350928 11.949682 1.155173 0.995494
Car -1 -1 1.481577 554.207275 168.488922 584.616211 194.049377 1.526475 1.704143 3.940681 -2.168369 0.691732 47.146855 1.435617 0.994493
Pedestrian -1 -1 -1.434178 645.532532 161.322357 676.084900 233.050690 1.723808 0.686428 0.936784 1.502649 1.115915 18.583426 -1.353494 0.992038
Pedestrian -1 -1 -2.845363 678.185730 163.399551 705.453308 224.679520 1.639178 0.596958 0.749764 2.844885 1.125205 22.446778 -2.719296 0.992015
Pedestrian -1 -1 -1.351476 592.046814 156.584198 631.613586 235.137909 1.811173 0.787611 1.081200 0.268949 1.136477 18.560708 -1.336986 0.989519
Pedestrian -1 -1 1.978133 701.700317 156.855865 738.703186 226.951782 1.783554 0.677032 1.039033 3.162276 1.089209 19.426068 2.139503 0.965269
Pedestrian -1 -1 -1.499383 611.345886 158.063339 639.382324 218.236115 1.839674 0.861702 1.018227 0.771514 0.922698 23.732611 -1.466886 0.926671
Pedestrian -1 -1 -1.133175 984.525635 139.976685 1030.033447 227.629929 1.773843 0.590652 0.530034 8.522367 0.818138 15.077560 -0.618710 0.886820
Pedestrian -1 -1 2.565110 -53.980560 180.965607 222.614120 611.920471 1.526901 0.594444 0.819556 -2.914164 1.661396 4.018023 1.937622 0.767567
