Pedestrian -1 -1 2.199402 190.038712 149.973190 347.571381 444.831299 1.787138 0.725131 0.870669 -2.535783 1.530135 5.473960 1.765588 0.998624
Pedestrian -1 -1 -2.778794 614.219055 163.522705 719.694031 319.102478 1.745945 0.956910 0.903948 0.807520 1.446973 8.690878 -2.686144 0.998210
Pedestrian -1 -1 0.611721 1010.157227 117.522949 1202.509644 453.072876 1.877247 0.780840 0.847390 3.702958 1.380952 5.360712 1.216218 0.997585
Pedestrian -1 -1 -2.296464 893.837402 138.804871 971.120972 266.236115 1.785029 0.802623 0.681117 6.443545 1.218936 14.158223 -1.869369 0.997104
Pedestrian -1 -1 -1.862700 578.627563 170.752777 604.930420 228.228012 1.672276 0.695929 0.808953 -0.368254 1.435449 23.419066 -1.878424 0.991177
Cyclist -1 -1 1.828946 334.844666 169.095184 469.994293 405.370026 1.674667 0.678414 1.965390 -1.999667 1.731655 7.107122 1.554675 0.989877
Pedestrian -1 -1 2.067651 467.408813 172.490677 496.335083 234.731522 1.736718 0.706157 0.801360 -3.761260 1.512252 22.775096 1.903981 0.987975
Pedestrian -1 -1 -1.436565 549.432495 170.148605 578.567749 235.615509 1.724662 0.748330 0.905147 -1.000422 1.371647 19.503394 -1.487814 0.987401
Pedestrian -1 -1 0.011928 589.724365 172.268753 617.085449 231.672485 1.673910 0.671606 0.792126 0.005820 1.344724 19.884190 0.012220 0.986604
Pedestrian -1 -1 1.752307 483.919220 171.851303 509.772125 229.821030 1.767032 0.710479 0.837872 -3.460161 1.517286 23.580426 1.606608 0.975234
Pedestrian -1 -1 -1.718854 495.348389 172.342209 522.352051 228.506088 1.758726 0.761858 0.947502 -3.100730 1.508000 23.738682 -1.848738 0.974851
Pedestrian -1 -1 -1.320492 565.298523 169.712463 593.445251 229.199661 1.700800 0.742185 0.843382 -0.744347 1.443966 23.191691 -1.352577 0.957483
