Car -1 -1 2.380462 819.098816 185.577881 1053.026978 275.687683 1.545459 1.555614 3.713574 6.056441 1.865747 13.344660 2.806511 0.999737
Car -1 -1 -0.960943 763.169861 183.835281 931.013000 260.894440 1.514162 1.627354 4.124032 5.408287 1.875994 16.478181 -0.643812 0.999714
Car -1 -1 -2.491978 3.356416 169.899719 333.576111 295.071106 1.683478 1.678885 4.007414 -6.824955 1.718662 11.150788 -3.041219 0.999503
Car -1 -1 -0.873652 963.722351 192.943054 1388.200317 352.133514 1.476937 1.567559 3.436455 6.082365 1.700930 7.795299 -0.211063 0.999025
Car -1 -1 2.731456 330.540863 181.029526 473.798462 226.839386 1.475927 1.657957 4.504144 -7.231988 1.748498 25.283330 2.452858 0.997965
Car -1 -1 -1.360331 632.986328 179.729294 681.014832 217.192398 1.413728 1.605468 4.118533 2.368868 1.730899 35.290421 -1.293307 0.997924
Cyclist -1 -1 1.774563 491.907349 177.995346 519.677856 232.686981 1.616479 0.542682 1.671706 -2.934718 1.623673 20.429904 1.631891 0.991559
Car -1 -1 -0.112446 170.459076 167.377625 374.394226 246.853302 1.625127 1.639132 4.028444 -7.753735 1.453062 16.497609 -0.551800 0.948532
Car -1 -1 -1.072234 910.729980 194.205231 1114.342651 292.660980 1.496465 1.588802 3.601100 7.834131 2.073142 13.773495 -0.555085 0.938606
Car -1 -1 -2.770657 -377.151398 192.154434 158.655731 374.621399 1.565430 1.587034 3.718494 -6.845721 1.753916 7.431531 2.768138 0.917199
Car -1 -1 0.995916 748.611511 176.459564 867.124207 235.895264 1.633960 1.737801 4.345482 6.495963 1.807819 24.494641 1.255148 0.847454
Car -1 -1 -1.689906 622.784119 178.310745 658.796692 207.570724 1.464663 1.666571 4.261827 1.690048 1.840521 42.367108 -1.650037 0.802678
