Car -1 -1 1.128947 209.917206 197.459717 386.345093 289.427704 1.394038 1.663625 4.231632 -5.925324 1.854363 13.713261 0.721089 0.999920
Car -1 -1 -1.874180 706.081543 176.218903 822.854004 253.845825 1.465503 1.592128 3.888214 4.137797 1.768383 19.311085 -1.663101 0.999898
Car -1 -1 1.997753 -147.717926 209.519684 247.463654 397.649323 1.413419 1.574755 3.695688 -6.029175 2.049042 8.012974 1.352700 0.999837
Car -1 -1 1.952472 364.127930 190.376846 464.291718 247.614304 1.435587 1.667248 4.249991 -6.385105 2.082703 23.726285 1.689585 0.999802
Car -1 -1 1.377969 427.708191 186.605148 491.454651 231.365356 1.492916 1.528623 3.863944 -6.103945 2.043255 29.665887 1.175044 0.998706
Car -1 -1 1.792101 476.189423 185.234589 522.866638 217.242188 1.470859 1.557459 3.806083 -5.911700 2.262375 38.323437 1.639049 0.998077
Car -1 -1 2.237590 938.921570 151.710480 1131.924927 223.384247 1.682407 1.612841 4.034123 9.600612 1.169794 16.348695 2.768574 0.995278
Car -1 -1 -1.822745 687.130615 174.985458 765.888367 234.405289 1.553755 1.624513 3.914258 3.635133 1.702781 23.555165 -1.669629 0.994896
Car -1 -1 -1.721805 663.379578 179.517395 713.283813 219.014709 1.452710 1.593499 3.791648 3.176974 1.875166 30.550315 -1.618186 0.994313
Car -1 -1 2.096877 1030.432739 136.842850 1252.707275 228.067032 1.722690 1.667734 3.980575 10.253750 0.908449 13.944352 2.730925 0.994312
Car -1 -1 1.843591 512.658691 179.836166 546.965637 204.837708 1.546250 1.554686 3.624346 -5.412789 2.101767 49.590771 1.734872 0.944876
Car -1 -1 3.007573 1085.319946 132.805954 1404.888306 249.690598 1.684280 1.606357 3.597979 9.275136 1.031313 11.130267 -2.580878 0.943211
Car -1 -1 2.222114 864.834595 160.128723 1029.228394 218.859451 1.606580 1.683735 4.529452 9.692711 1.245655 20.569939 2.662463 0.942341
Car -1 -1 -1.665054 646.807068 178.603348 677.686340 206.114532 1.479419 1.565354 3.641066 3.134435 1.875022 44.462823 -1.594675 0.812353
