Car -1 -1 -3.013055 925.253479 184.073853 1188.927734 310.228363 1.501893 1.518817 3.096348 6.926868 1.820910 11.142672 -2.456866 0.999658
Car -1 -1 -3.007393 184.718506 174.924896 396.556244 272.777191 1.691054 1.607211 3.806426 -6.060633 1.766057 13.971463 2.866503 0.999637
Car -1 -1 0.432764 -56.973217 186.444305 344.073914 326.637146 1.543227 1.603779 3.843643 -5.797116 1.768586 9.230464 -0.128020 0.998830
Car -1 -1 -0.741016 737.947693 181.685928 914.180420 243.318314 1.507808 1.600729 3.961501 5.052365 1.654564 17.031636 -0.452639 0.998041
Car -1 -1 0.181012 384.392212 181.958130 506.013672 222.067123 1.502722 1.560974 3.988161 -5.890297 1.790649 26.101287 -0.040941 0.995136
Car -1 -1 -2.206401 336.217712 184.652115 449.987091 231.090073 1.453311 1.678186 4.353527 -7.554525 1.803991 25.116635 -2.498571 0.993793
Car -1 -1 -1.411269 635.264343 183.181259 677.910156 216.357819 1.361647 1.603917 4.078837 2.439824 2.082176 36.479478 -1.344486 0.993430
Car -1 -1 -0.444448 1015.791016 198.354370 1482.108643 347.373199 1.427834 1.591818 3.507626 7.230859 1.840717 8.756186 0.245828 0.993214
Car -1 -1 -0.406335 455.508301 179.610336 539.039429 209.469849 1.504934 1.587358 4.015916 -6.004325 1.788726 38.709462 -0.560222 0.943411
Car -1 -1 0.335127 -321.757782 186.559769 195.053055 386.458801 1.589376 1.575743 3.671159 -6.618665 1.789675 7.545870 -0.384904 0.841632
