Car -1 -1 1.159223 204.186203 196.039825 392.526978 292.631256 1.426286 1.679072 4.178727 -6.070323 2.040728 13.627517 0.740163 0.999949
Car -1 -1 -1.210119 724.983337 177.882828 865.178101 277.620148 1.554929 1.626262 4.076663 4.149718 1.871353 15.914380 -0.955046 0.999927
Car -1 -1 -2.397180 790.646667 180.496292 1109.053101 363.946411 1.449554 1.616822 3.941554 4.164783 1.868003 9.294563 -1.975918 0.999888
Car -1 -1 1.816302 344.088226 190.122955 448.366425 253.479324 1.472489 1.600093 3.845056 -6.116490 2.116682 20.298276 1.523625 0.999885
Car -1 -1 1.879919 683.610413 181.194672 754.797668 233.003952 1.448399 1.531546 3.742653 4.173223 1.903343 27.907159 2.028358 0.999405
Car -1 -1 1.907589 438.242279 185.594711 502.801453 227.476227 1.449597 1.551339 3.951352 -5.708924 2.006314 30.098237 1.720140 0.999398
Car -1 -1 1.827718 498.514435 180.850784 536.266602 208.718842 1.521676 1.578054 3.616423 -5.549224 1.995630 44.073964 1.702470 0.997727
Car -1 -1 -1.691269 651.640808 179.997070 689.617493 209.895020 1.463624 1.620114 3.766310 3.506900 1.876155 41.864053 -1.607695 0.996868
Car -1 -1 2.134543 1066.843506 154.111282 1378.568726 266.252838 1.632745 1.681331 4.004741 9.389150 1.342375 11.086040 2.837255 0.994496
Car -1 -1 2.287295 -424.381073 216.985565 169.946243 454.028259 1.414793 1.597643 3.868150 -5.297190 1.971127 6.154398 1.576612 0.964691
Car -1 -1 -1.463938 661.686829 181.648666 719.362854 223.330093 1.444254 1.630840 3.944565 3.163032 1.904328 29.873690 -1.358450 0.830159
