Car -1 -1 -1.789221 684.969971 182.544327 807.955750 264.714020 1.416575 1.585914 4.179864 2.933647 1.795179 16.090134 -1.608876 0.999853
Car -1 -1 -2.881531 823.922668 198.726349 1377.293701 498.868042 1.426376 1.584507 3.575974 4.131723 1.890519 6.071522 -2.284007 0.999595
Car -1 -1 -0.682496 109.004868 190.141327 317.834595 291.584351 1.389553 1.532444 3.392023 -7.322138 1.812379 13.333874 -1.184677 0.998785
Car -1 -1 -1.703094 665.805664 181.355423 722.492615 222.440506 1.345137 1.576978 3.869025 3.380521 1.812752 29.038848 -1.587202 0.998696
Car -1 -1 -0.401381 299.741730 184.989655 475.984406 247.105774 1.488258 1.602357 4.044581 -5.984345 1.839009 19.808764 -0.694769 0.997792
Car -1 -1 -2.961974 -170.326630 194.210220 264.237518 347.519958 1.428555 1.604239 3.828767 -6.494823 1.844011 9.057513 2.699124 0.997207
Car -1 -1 -1.510159 643.328308 171.783279 678.459534 202.117386 1.782276 1.695794 4.475972 2.874541 1.467045 41.164170 -1.440441 0.994465
Car -1 -1 0.594759 180.828903 190.132248 377.194580 257.669067 1.385508 1.585063 3.857755 -7.858974 1.872151 17.016040 0.162089 0.992284
Car -1 -1 -2.320591 -381.397156 190.674805 198.916809 432.385071 1.430081 1.608653 3.949753 -5.327837 1.738327 5.953119 -3.050618 0.970017
Car -1 -1 -2.387702 450.327667 178.088745 539.163696 211.485275 1.419714 1.743680 4.015296 -5.032604 1.548700 31.891167 -2.544217 0.942711
Car -1 -1 -0.960800 395.402985 178.124832 476.690002 215.125641 1.637813 1.557348 3.874010 -7.740290 1.727268 32.438451 -1.195035 0.899951
