Car -1 -1 -2.492114 788.229980 194.484344 1119.182617 402.864594 1.384718 1.506340 3.057348 3.536388 1.893845 7.919138 -2.072123 0.999934
Car -1 -1 -0.691455 717.644531 177.943527 836.243958 224.929581 1.529077 1.553723 3.874657 5.789460 1.744995 25.057374 -0.464391 0.999030
Car -1 -1 -2.484544 205.740402 177.147110 413.471649 253.541443 1.459868 1.626727 4.006694 -6.619240 1.578589 15.822847 -2.880755 0.997664
Car -1 -1 2.015368 777.923035 177.336380 890.057068 249.949478 1.504122 1.572471 3.183564 6.007022 1.775453 19.207350 2.318476 0.997442
Car -1 -1 -1.714536 635.202026 175.214996 671.361816 203.018372 1.437168 1.616444 4.030133 2.419710 1.709471 42.394986 -1.657523 0.996620
Car -1 -1 -3.003807 421.991638 174.507431 516.647949 207.182159 1.538108 1.640213 3.948418 -6.376341 1.556191 33.195019 3.089602 0.995978
Car -1 -1 -2.426034 297.862793 171.959213 449.891693 230.643082 1.581270 1.685104 3.953317 -6.771367 1.568299 20.523932 -2.744714 0.995572
Car -1 -1 0.960235 20.889782 181.324829 314.120758 311.242859 1.608838 1.579339 3.525366 -7.184459 1.871091 11.143457 0.387577 0.988926
Car -1 -1 0.925790 876.188477 173.194641 1018.010437 238.203659 1.628951 1.686793 4.057038 9.414465 1.599165 20.397050 1.358215 0.895528
Car -1 -1 0.662751 939.220581 174.855255 1086.874146 241.437164 1.591389 1.530559 3.668248 11.250398 1.608348 20.244420 1.169981 0.859977
Cyclist -1 -1 1.911356 542.938049 172.725952 562.495300 206.398941 1.659815 0.583988 1.868747 -2.873500 1.688323 36.991616 1.833832 0.788140
Car -1 -1 0.351010 -374.172089 181.935120 188.778564 384.713531 1.597903 1.583198 3.881454 -6.645025 1.748219 7.389364 -0.381402 0.776259
