Pedestrian -1 -1 -1.418473 821.937744 129.219528 974.649231 390.494446 1.818263 0.914254 0.903436 2.268763 1.468466 5.504496 -1.027523 0.998277
Pedestrian -1 -1 -2.580899 952.340210 116.481422 1116.674805 320.290802 1.940253 1.091242 0.900929 4.185105 1.018394 7.014847 -2.042978 0.998056
Pedestrian -1 -1 -3.072624 476.318665 165.277298 511.544983 249.213715 1.721316 0.606452 0.682236 -2.299895 1.420200 15.380218 3.062125 0.993075
Pedestrian -1 -1 -1.929194 500.150208 161.264816 538.083313 248.738892 1.751091 0.609596 0.763274 -1.753968 1.261927 15.144357 -2.044497 0.989636
Car -1 -1 1.505956 542.935059 167.228271 572.034668 193.833511 1.608276 1.705368 3.724541 -2.964042 0.700342 47.751942 1.443964 0.982249
Pedestrian -1 -1 -1.426713 571.460693 161.368454 602.238770 233.883881 1.811255 0.757142 1.010797 -0.363351 1.163909 18.923539 -1.445912 0.978834
Pedestrian -1 -1 1.868528 655.527405 164.167404 682.029236 221.290970 1.664829 0.612747 0.855342 2.199981 1.128925 23.173245 1.963181 0.975867
Pedestrian -1 -1 -1.515885 622.734558 164.491089 650.943298 229.940445 1.708477 0.697712 0.963035 0.918379 1.114670 19.091363 -1.467818 0.973930
Pedestrian -1 -1 -1.632986 600.826111 161.642105 625.885315 215.307404 1.808139 0.817759 1.054810 0.392406 1.122604 25.062462 -1.617330 0.971517
Pedestrian -1 -1 -2.035898 684.025696 159.720993 716.546021 220.535614 1.757457 0.629068 1.006569 3.153085 1.122472 23.691086 -1.903584 0.950277
Pedestrian -1 -1 -1.016131 668.060303 162.706757 697.369446 218.196259 1.719681 0.609928 0.868862 2.695699 1.114054 24.003749 -0.904296 0.885466
Pedestrian -1 -1 -1.552142 587.973633 160.117599 615.948425 224.647400 1.814161 0.808722 1.028292 -0.020798 1.099054 20.416520 -1.553161 0.858774
Pedestrian -1 -1 -2.454918 894.501404 120.340698 1039.680054 350.861633 1.860028 0.768371 0.923259 3.410650 1.311061 6.846993 -1.992772 0.781326
